from mathutils import Matrix, Vector, Euler

structure = [{'head': Vector((-9.678368542154203e-07, 0.010872396640479565, 0.9391523003578186)), 'matrix': Matrix(((1.0, 0.0, 0.0, -9.678368542154203e-07),
        (0.0, -4.570161493688829e-08, -0.9999999403953552, 0.010872396640479565),
        (0.0, 0.9999999403953552, 5.960464477539063e-08, 0.9391523003578186),
        (0.0, 0.0, 0.0, 1.0))), 'connect': False, 'children': [{'head': Vector((-9.678368542154203e-07, 0.010872389189898968, 1.102178931236267)), 'matrix': Matrix(((1.0, 6.496691895563345e-08, 3.2505611216038233e-06, -9.678368542154203e-07),
        (3.2505556646356126e-06, 8.14474988146685e-05, -1.0, 0.010872389189898968),
        (-6.523167428440502e-08, 1.0, 8.14199447631836e-05, 1.102178931236267),
        (0.0, 0.0, 0.0, 1.0))), 'connect': True, 'children': [{'head': Vector((-9.606525281924405e-07, 0.010881396010518074, 1.2127633094787598)), 'matrix': Matrix(((1.0, -5.828329108226171e-08, 6.401892733265413e-06, -9.606525281924405e-07),
        (6.401894097507466e-06, 1.643976429477334e-05, -0.9999999403953552, 0.010881396010518074),
        (5.817804193952725e-08, 0.9999999403953552, 1.6570091247558594e-05, 1.2127633094787598),
        (0.0, 0.0, 0.0, 1.0))), 'connect': True, 'children': [{'head': Vector((-9.675961791799637e-07, 0.01088335458189249, 1.3318995237350464)), 'matrix': Matrix(((1.0, 2.1444197045639157e-05, 3.561525318218628e-06, -9.675961791799637e-07),
        (-1.2768960004905239e-06, 0.2215028554201126, -0.975159764289856, 0.01088335458189249),
        (-2.1700405341107398e-05, 0.975159764289856, 0.22150284051895142, 1.3318995237350464),
        (0.0, 0.0, 0.0, 1.0))), 'connect': True, 'children': [{'head': Vector((2.0770105493284063e-06, 0.042331911623477936, 1.4703508615493774)), 'matrix': Matrix(((1.0, -5.3852651035413146e-05, 3.5852443147632584e-07, 2.0770105493284063e-06),
        (1.071792098628066e-06, 0.013245342299342155, -0.9999122619628906, 0.042331911623477936),
        (5.384317410062067e-05, 0.9999122619628906, 0.013245400972664356, 1.4703508615493774),
        (0.0, 0.0, 0.0, 1.0))), 'connect': True, 'children': [{'head': Vector((-3.4248205338371918e-06, 0.04368511587381363, 1.5725064277648926)), 'matrix': Matrix(((1.0, -0.00018404811271466315, -2.7656469683279283e-06, -3.4248205338371918e-06),
        (2.7656146812660154e-06, 0.030046554282307625, -0.9995485544204712, 0.04368511587381363),
        (0.00018404812726657838, 0.9995484948158264, 0.030046610161662102, 1.5725064277648926),
        (0.0, 0.0, 0.0, 1.0))), 'connect': True, 'children': [{'head': Vector((-1.8583938071969897e-05, 0.024076174944639206, 1.8859091997146606)), 'matrix': Matrix(((1.0, 0.0, -2.032878750292894e-20, -1.8583938071969897e-05),
        (-2.0328789118516074e-20, -4.9321517536782267e-08, -0.9999999403953552, 0.024076174944639206),
        (-1.0026468327677725e-27, 0.9999999403953552, 5.960464477539063e-08, 1.8859091997146606),
        (0.0, 0.0, 0.0, 1.0))), 'connect': False, 'children': [], 'name': 'HeadTop_End', 'tail': Vector((-1.8583938071969897e-05, 0.02407616376876831, 2.112501382827759)), 'matrix_local': Matrix(((1.0, -7.055689366097795e-12, 0.0, -1.85839398909593e-05),
        (-1.3642420526593924e-12, -4.842877388000488e-08, -0.9999998211860657, 0.024076176807284355),
        (7.396749879262643e-12, 0.9999999403953552, 4.0978193283081055e-08, 1.8859091997146606),
        (0.0, 0.0, 0.0, 1.0)))}, {'head': Vector((-0.04729821905493736, -0.06840978562831879, 1.7018897533416748)), 'matrix': Matrix(((1.0, 0.0, -2.032878750292894e-20, -0.04729821905493736),
        (-2.0328789118516074e-20, -3.288102945475657e-08, -0.9999999403953552, -0.06840978562831879),
        (-6.6843154283350575e-28, 0.9999999403953552, 5.960464477539063e-08, 1.7018897533416748),
        (0.0, 0.0, 0.0, 1.0))), 'connect': False, 'children': [], 'name': 'RightEye', 'tail': Vector((-0.04729821905493736, -0.06840979307889938, 1.9284818172454834)), 'matrix_local': Matrix(((1.0, -1.2987321440505184e-08, 0.0, -0.047298211604356766),
        (-1.8189894035458565e-12, -3.166496753692627e-08, -0.9999998211860657, -0.06840978562831879),
        (1.2999429088722536e-08, 0.9999999403953552, 5.774199962615967e-08, 1.7018897533416748),
        (0.0, 0.0, 0.0, 1.0)))}, {'head': Vector((0.047298211604356766, -0.0684097483754158, 1.7018895149230957)), 'matrix': Matrix(((1.0, 0.0, -2.032878750292894e-20, 0.047298211604356766),
        (-2.0328789118516074e-20, -3.288102945475657e-08, -0.9999999403953552, -0.0684097483754158),
        (-6.6843154283350575e-28, 0.9999999403953552, 5.960464477539063e-08, 1.7018895149230957),
        (0.0, 0.0, 0.0, 1.0))), 'connect': False, 'children': [], 'name': 'LeftEye', 'tail': Vector((0.047298211604356766, -0.0684097558259964, 1.9284815788269043)), 'matrix_local': Matrix(((1.0, -1.2987321440505184e-08, 0.0, 0.047298215329647064),
        (-1.8189894035458565e-12, -3.166496753692627e-08, -0.9999998211860657, -0.0684097409248352),
        (1.2999429088722536e-08, 0.9999999403953552, 5.774199962615967e-08, 1.7018895149230957),
        (0.0, 0.0, 0.0, 1.0)))}], 'name': 'Head', 'tail': Vector((-4.5046333980280906e-05, 0.050479985773563385, 1.7985490560531616)), 'matrix_local': Matrix(((1.0, -0.00018404811271466315, -2.765653562164516e-06, -3.4248198517161654e-06),
        (2.7656051315716468e-06, 0.030046552419662476, -0.9995483756065369, 0.04368511587381363),
        (0.00018404811271466315, 0.9995484948158264, 0.030046643689274788, 1.5725064277648926),
        (0.0, 0.0, 0.0, 1.0)))}], 'name': 'Neck', 'tail': Vector((-3.4248205338371918e-06, 0.04368511587381363, 1.5725064277648926)), 'matrix_local': Matrix(((1.0, -5.385264739743434e-05, 3.5852303881256375e-07, 2.0770105493284063e-06),
        (1.0717858458519913e-06, 0.01324532926082611, -0.9999121427536011, 0.042331911623477936),
        (5.384317773859948e-05, 0.9999122619628906, 0.013245418667793274, 1.4703508615493774),
        (0.0, 0.0, 0.0, 1.0)))}, {'head': Vector((0.05301709100604057, 0.0311861764639616, 1.4535115957260132)), 'matrix': Matrix(((-0.2350013554096222, 0.9705719947814941, -0.0525817796587944, 0.05301709100604057),
        (0.9556887149810791, 0.24058797955513, 0.16963672637939453, 0.0311861764639616),
        (0.17729517817497253, -0.010386968962848186, -0.9841029047966003, 1.4535115957260132),
        (0.0, 0.0, 0.0, 1.0))), 'connect': False, 'children': [{'head': Vector((0.12930861115455627, 0.050097521394491196, 1.4526951313018799)), 'matrix': Matrix(((-0.03757467865943909, 0.9992642998695374, -0.007658769376575947, 0.12930861115455627),
        (0.9902960062026978, 0.038261529058218, 0.13360261917114258, 0.050097521394491196),
        (0.13379739224910736, -0.00256435782648623, -0.9910053610801697, 1.4526951313018799),
        (0.0, 0.0, 0.0, 1.0))), 'connect': True, 'children': [{'head': Vector((0.418802410364151, 0.06118215247988701, 1.4519522190093994)), 'matrix': Matrix(((-0.0011168689234182239, 0.99998539686203, -0.005228403024375439, 0.418802410364151),
        (0.9854523539543152, 0.0019893411081284285, 0.16993989050388336, 0.06118215247988701),
        (0.16994784772396088, -0.004962507635354996, -0.9854405522346497, 1.4519522190093994),
        (0.0, 0.0, 0.0, 1.0))), 'connect': True, 'children': [{'head': Vector((0.703386664390564, 0.06174829602241516, 1.4505399465560913)), 'matrix': Matrix(((-0.0861973688006401, 0.9962510466575623, -0.0073473770171403885, 0.703386664390564),
        (0.9962769150733948, 0.08620629459619522, 0.0009051626548171043, 0.06174829602241516),
        (0.0015351595357060432, -0.007241998333483934, -0.9999725818634033, 1.4505399465560913),
        (0.0, 0.0, 0.0, 1.0))), 'connect': True, 'children': [{'head': Vector((0.7970767021179199, 0.06175963953137398, 1.45052170753479)), 'matrix': Matrix(((-0.0014455110067501664, 0.9999916553497314, 0.003841523313894868, 0.7970767021179199),
        (0.9999985098838806, 0.001441956264898181, 0.0009216063190251589, 0.06175963953137398),
        (0.0009160588961094618, 0.0038428499829024076, -0.9999921917915344, 1.45052170753479),
        (0.0, 0.0, 0.0, 1.0))), 'connect': False, 'children': [{'head': Vector((0.8390478491783142, 0.06182016059756279, 1.4506829977035522)), 'matrix': Matrix(((-0.0028911447152495384, 0.9999907612800598, -0.0031548019032925367, 0.8390478491783142),
        (0.9999956488609314, 0.002889438532292843, -0.0005376564804464579, 0.06182016059756279),
        (-0.0005285355728119612, -0.003156342776492238, -0.9999948740005493, 1.4506829977035522),
        (0.0, 0.0, 0.0, 1.0))), 'connect': True, 'children': [{'head': Vector((0.8694887161254883, 0.061908118426799774, 1.4505869150161743)), 'matrix': Matrix(((-0.0007422440685331821, 0.9999987483024597, 0.0013405343051999807, 0.8694887161254883),
        (0.9999983906745911, 0.0007401431212201715, 0.001623698859475553, 0.061908118426799774),
        (0.0016227049054577947, 0.0013417372247204185, -0.9999977946281433, 1.4505869150161743),
        (0.0, 0.0, 0.0, 1.0))), 'connect': True, 'children': [{'head': Vector((0.9001408815383911, 0.06193080544471741, 1.4506280422210693)), 'matrix': Matrix(((-0.0007193341152742505, 0.9999989867210388, 0.001340561080724001, 0.9001408815383911),
        (0.9999983906745911, 0.0007170531898736954, 0.001641821232624352, 0.06193080544471741),
        (0.001640857895836234, 0.001341740251518786, -0.9999977946281433, 1.4506280422210693),
        (0.0, 0.0, 0.0, 1.0))), 'connect': True, 'children': [], 'name': 'LeftHandMiddle4', 'tail': Vector((0.9307929873466492, 0.06195278465747833, 1.4506691694259644)), 'matrix_local': Matrix(((-0.0007191303302533925, 0.9999987483024597, 0.0013404869241639972, 0.9001408815383911),
        (0.9999980926513672, 0.0007170530734583735, 0.0016418208833783865, 0.0619308166205883),
        (0.0016407037619501352, 0.0013417400186881423, -0.999997615814209, 1.4506280422210693),
        (0.0, 0.0, 0.0, 1.0)))}], 'name': 'LeftHandMiddle3', 'tail': Vector((0.9001408815383911, 0.06193080544471741, 1.4506280422210693)), 'matrix_local': Matrix(((-0.0007421955815516412, 0.9999987483024597, 0.0013404595665633678, 0.8694887161254883),
        (0.9999980926513672, 0.0007401426555588841, 0.001623698277398944, 0.06190812960267067),
        (0.0016225501894950867, 0.0013417371083050966, -0.999997615814209, 1.4505869150161743),
        (0.0, 0.0, 0.0, 1.0)))}], 'name': 'LeftHandMiddle2', 'tail': Vector((0.8694887161254883, 0.061908118426799774, 1.4505869150161743)), 'matrix_local': Matrix(((-0.002890997100621462, 0.9999907612800598, -0.003154876409098506, 0.8390478491783142),
        (0.9999954104423523, 0.002889438532292843, -0.0005376564804464579, 0.061820171773433685),
        (-0.0005286902887746692, -0.0031563423108309507, -0.9999947547912598, 1.4506829977035522),
        (0.0, 0.0, 0.0, 1.0)))}], 'name': 'LeftHandMiddle1', 'tail': Vector((0.8390478491783142, 0.06182016059756279, 1.4506829977035522)), 'matrix_local': Matrix(((-0.0014453515177592635, 0.9999914169311523, 0.003841445781290531, 0.7970767021179199),
        (0.9999982118606567, 0.0014419452054426074, 0.0009216060861945152, 0.06175965070724487),
        (0.0009159050532616675, 0.00384284695610404, -0.9999920725822449, 1.45052170753479),
        (0.0, 0.0, 0.0, 1.0)))}, {'head': Vector((0.7383624315261841, 0.041483525186777115, 1.4335602521896362)), 'matrix': Matrix(((0.499535471200943, 0.777485728263855, -0.38207343220710754, 0.7383624315261841),
        (0.8662886619567871, -0.44979220628738403, 0.21732711791992188, 0.041483525186777115),
        (-0.0028848499059677124, -0.43954843282699585, -0.8982142210006714, 1.4335602521896362),
        (0.0, 0.0, 0.0, 1.0))), 'connect': False, 'children': [{'head': Vector((0.7702827453613281, 0.02301693893969059, 1.4155142307281494)), 'matrix': Matrix(((0.507943868637085, 0.7699732184410095, -0.3861794173717499, 0.7702827453613281),
        (0.8613846898078918, -0.45241647958755493, 0.2309459149837494, 0.02301693893969059),
        (0.003108397126197815, -0.4499567151069641, -0.8930451273918152, 1.4155142307281494),
        (0.0, 0.0, 0.0, 1.0))), 'connect': True, 'children': [{'head': Vector((0.8028973340988159, 0.003853443544358015, 1.396454930305481)), 'matrix': Matrix(((0.4866172671318054, 0.7798938155174255, -0.39366164803504944, 0.8028973340988159),
        (0.8735320568084717, -0.4405970871448517, 0.20692121982574463, 0.003853443544358015),
        (-0.012069419026374817, -0.44456762075424194, -0.8956641554832458, 1.396454930305481),
        (0.0, 0.0, 0.0, 1.0))), 'connect': True, 'children': [{'head': Vector((0.8264647722244263, -0.00946086272597313, 1.3830206394195557)), 'matrix': Matrix(((0.5006147623062134, 0.7749499678611755, -0.38579457998275757, 0.8264647722244263),
        (0.8656675815582275, -0.4492405652999878, 0.2209128439426422, -0.00946086272597313),
        (-0.0021183043718338013, -0.44456207752227783, -0.895745575428009, 1.3830206394195557),
        (0.0, 0.0, 0.0, 1.0))), 'connect': True, 'children': [], 'name': 'LeftHandThumb4', 'tail': Vector((0.8498824834823608, -0.02303617261350155, 1.369586706161499)), 'matrix_local': Matrix(((0.5006147623062134, 0.7749497890472412, -0.38579457998275757, 0.8264647722244263),
        (0.8656672239303589, -0.44924047589302063, 0.22091282904148102, -0.009460858069360256),
        (-0.002118241973221302, -0.44456201791763306, -0.895745575428009, 1.3830206394195557),
        (0.0, 0.0, 0.0, 1.0)))}], 'name': 'LeftHandThumb3', 'tail': Vector((0.8264647722244263, -0.00946086272597313, 1.3830206394195557)), 'matrix_local': Matrix(((0.48661741614341736, 0.7798933982849121, -0.39366164803504944, 0.8028973340988159),
        (0.8735315203666687, -0.44059687852859497, 0.20692121982574463, 0.00385344959795475),
        (-0.012069672346115112, -0.44456738233566284, -0.8956640958786011, 1.396454930305481),
        (0.0, 0.0, 0.0, 1.0)))}], 'name': 'LeftHandThumb2', 'tail': Vector((0.8028973340988159, 0.003853443544358015, 1.396454930305481)), 'matrix_local': Matrix(((0.5079439282417297, 0.7699728012084961, -0.3861793577671051, 0.7702827453613281),
        (0.8613843321800232, -0.4524162709712982, 0.2309458702802658, 0.023016946390271187),
        (0.003108150325715542, -0.44995638728141785, -0.8930451273918152, 1.4155142307281494),
        (0.0, 0.0, 0.0, 1.0)))}], 'name': 'LeftHandThumb1', 'tail': Vector((0.7702827453613281, 0.02301693893969059, 1.4155142307281494)), 'matrix_local': Matrix(((0.4995357394218445, 0.7774854898452759, -0.38207337260246277, 0.7383624315261841),
        (0.8662882447242737, -0.44979214668273926, 0.2173270583152771, 0.04148353636264801),
        (-0.002885054564103484, -0.4395483136177063, -0.8982142806053162, 1.4335602521896362),
        (0.0, 0.0, 0.0, 1.0)))}, {'head': Vector((0.7970793843269348, 0.03613369166851044, 1.4484058618545532)), 'matrix': Matrix(((-0.0011904685525223613, 0.9999944567680359, 0.003159556770697236, 0.7970793843269348),
        (0.999998927116394, 0.0011875280179083347, 0.0009169818367809057, 0.03613369166851044),
        (0.0009132241830229759, 0.0031606450211256742, -0.9999946355819702, 1.4484058618545532),
        (0.0, 0.0, 0.0, 1.0))), 'connect': False, 'children': [{'head': Vector((0.8378132581710815, 0.036182064563035965, 1.448534607887268)), 'matrix': Matrix(((-0.002030388917773962, 0.9999971985816956, -0.001149012940004468, 0.8378132581710815),
        (0.9999978542327881, 0.0020305700600147247, 7.43757700547576e-05, 0.036182064563035965),
        (7.670861668884754e-05, -0.0011488596210256219, -0.9999993443489075, 1.448534607887268),
        (0.0, 0.0, 0.0, 1.0))), 'connect': True, 'children': [{'head': Vector((0.8721587657928467, 0.03625180572271347, 1.4484951496124268)), 'matrix': Matrix(((-5.24785828019958e-05, 0.9999991655349731, 0.0009574159630574286, 0.8721587657928467),
        (0.9999977946281433, 5.072585918242112e-05, 0.002053443342447281, 0.03625180572271347),
        (0.0020533939823508263, 0.0009575217263773084, -0.9999974370002747, 1.4484951496124268),
        (0.0, 0.0, 0.0, 1.0))), 'connect': True, 'children': [{'head': Vector((0.8983032703399658, 0.03625313192605972, 1.4485201835632324)), 'matrix': Matrix(((-0.0012270236620679498, 0.9999988079071045, 0.0009518886799924076, 0.8983032703399658),
        (0.9999988675117493, 0.0012261199299246073, 0.0008805764955468476, 0.03625313192605972),
        (0.0008794083259999752, 0.0009529681992717087, -0.9999992251396179, 1.4485201835632324),
        (0.0, 0.0, 0.0, 1.0))), 'connect': True, 'children': [], 'name': 'LeftHandIndex4', 'tail': Vector((0.9244475960731506, 0.03628518804907799, 1.4485450983047485)), 'matrix_local': Matrix(((-0.0012268248246982694, 0.9999983906745911, 0.0009518148144707084, 0.8983032703399658),
        (0.9999983310699463, 0.0012261196970939636, 0.0008805765537545085, 0.03625314682722092),
        (0.0008792534936219454, 0.0009529677918180823, -0.9999988675117493, 1.4485201835632324),
        (0.0, 0.0, 0.0, 1.0)))}], 'name': 'LeftHandIndex3', 'tail': Vector((0.8983032703399658, 0.03625313192605972, 1.4485201835632324)), 'matrix_local': Matrix(((-5.255878932075575e-05, 0.9999992251396179, 0.0009573417482897639, 0.8721587657928467),
        (0.9999974370002747, 5.07259028381668e-05, 0.0020534424111247063, 0.036251820623874664),
        (0.002053238684311509, 0.0009575216099619865, -0.9999971985816956, 1.4484951496124268),
        (0.0, 0.0, 0.0, 1.0)))}], 'name': 'LeftHandIndex2', 'tail': Vector((0.8721587657928467, 0.03625180572271347, 1.4484951496124268)), 'matrix_local': Matrix(((-0.002030350500717759, 0.9999970197677612, -0.0011490860488265753, 0.8378132581710815),
        (0.9999974966049194, 0.0020305700600147247, 7.437571184709668e-05, 0.03618207946419716),
        (7.655436638742685e-05, -0.0011488592717796564, -0.9999991059303284, 1.448534607887268),
        (0.0, 0.0, 0.0, 1.0)))}], 'name': 'LeftHandIndex1', 'tail': Vector((0.8378132581710815, 0.036182064563035965, 1.448534607887268)), 'matrix_local': Matrix(((-0.0011904295533895493, 0.9999940991401672, 0.0031594824977219105, 0.7970793843269348),
        (0.9999984502792358, 0.0011876707430928946, 0.0009169815457426012, 0.036133699119091034),
        (0.0009130696998909116, 0.0031606443226337433, -0.9999943971633911, 1.4484058618545532),
        (0.0, 0.0, 0.0, 1.0)))}, {'head': Vector((0.7970741391181946, 0.08273345977067947, 1.4507348537445068)), 'matrix': Matrix(((-0.0015024614986032248, 0.9999938011169434, 0.0030702129006385803, 0.7970741391181946),
        (0.9999983906745911, 0.0014997622929513454, 0.0009221059735864401, 0.08273345977067947),
        (0.0009174963925033808, 0.003071592189371586, -0.9999948143959045, 1.4507348537445068),
        (0.0, 0.0, 0.0, 1.0))), 'connect': False, 'children': [{'head': Vector((0.8330510258674622, 0.0827874168753624, 1.4508453607559204)), 'matrix': Matrix(((-0.001865565893240273, 0.9999960064888, -0.002152122789993882, 0.8330510258674622),
        (0.9999980926513672, 0.0018667700933292508, 0.0005491410847753286, 0.0827874168753624),
        (0.0005531562492251396, -0.0021510941442102194, -0.999997615814209, 1.4508453607559204),
        (0.0, 0.0, 0.0, 1.0))), 'connect': True, 'children': [{'head': Vector((0.8595961332321167, 0.08283697068691254, 1.4507882595062256)), 'matrix': Matrix(((-0.0010805078782141209, 0.9999986290931702, 0.0013680115807801485, 0.8595961332321167),
        (0.9999985694885254, 0.0010785383637994528, 0.0013395036803558469, 0.08283697068691254),
        (0.001338025787845254, 0.0013694566441699862, -0.9999982118606567, 1.4507882595062256),
        (0.0, 0.0, 0.0, 1.0))), 'connect': True, 'children': [{'head': Vector((0.8923263549804688, 0.08287227153778076, 1.4508330821990967)), 'matrix': Matrix(((-0.001631312188692391, 0.9999973177909851, 0.0013608861481770873, 0.8923263549804688),
        (0.9999982714653015, 0.0016303282463923097, 0.0007907730177976191, 0.08287227153778076),
        (0.0007885528611950576, 0.0013621734688058496, -0.9999987483024597, 1.4508330821990967),
        (0.0, 0.0, 0.0, 1.0))), 'connect': True, 'children': [], 'name': 'LeftHandRing4', 'tail': Vector((0.925056517124176, 0.08292563259601593, 1.4508776664733887)), 'matrix_local': Matrix(((-0.0016312801744788885, 0.9999975562095642, 0.0013608114095404744, 0.8923263549804688),
        (0.9999979734420776, 0.0016303288284689188, 0.0007907726685516536, 0.08287227898836136),
        (0.0007883981452323496, 0.001362173818051815, -0.9999985694885254, 1.4508330821990967),
        (0.0, 0.0, 0.0, 1.0)))}], 'name': 'LeftHandRing3', 'tail': Vector((0.8923263549804688, 0.08287227153778076, 1.4508330821990967)), 'matrix_local': Matrix(((-0.0010802465258166194, 0.9999982714653015, 0.0013679361436516047, 0.8595961332321167),
        (0.9999982118606567, 0.0010785381309688091, 0.0013395030982792377, 0.08283697813749313),
        (0.001337871653959155, 0.0013694558292627335, -0.9999980330467224, 1.4507882595062256),
        (0.0, 0.0, 0.0, 1.0)))}], 'name': 'LeftHandRing2', 'tail': Vector((0.8595961332321167, 0.08283697068691254, 1.4507882595062256)), 'matrix_local': Matrix(((-0.0018654599552974105, 0.9999957084655762, -0.0021521958988159895, 0.8330510258674622),
        (0.9999977350234985, 0.0018667696276679635, 0.0005491407937370241, 0.082787424325943),
        (0.0005530018825083971, -0.002151092980057001, -0.9999973773956299, 1.4508453607559204),
        (0.0, 0.0, 0.0, 1.0)))}], 'name': 'LeftHandRing1', 'tail': Vector((0.8330510258674622, 0.0827874168753624, 1.4508453607559204)), 'matrix_local': Matrix(((-0.0015024751191958785, 0.9999939203262329, 0.003070136532187462, 0.7970741391181946),
        (0.9999980330467224, 0.0014997744001448154, 0.0009221057989634573, 0.08273346722126007),
        (0.0009173417347483337, 0.0030715917237102985, -0.999994695186615, 1.4507348537445068),
        (0.0, 0.0, 0.0, 1.0)))}, {'head': Vector((0.7970709204673767, 0.1048060730099678, 1.4484072923660278)), 'matrix': Matrix(((-0.0009080927702598274, 0.9999980330467224, 0.0018494260730221868, 0.7970709204673767),
        (0.9999992251396179, 0.0009063370525836945, 0.0009114487911574543, 0.1048060730099678),
        (0.0009097704314626753, 0.0018502528546378016, -0.9999979138374329, 1.4484072923660278),
        (0.0, 0.0, 0.0, 1.0))), 'connect': False, 'children': [{'head': Vector((0.8355347514152527, 0.10484093427658081, 1.4484784603118896)), 'matrix': Matrix(((0.0011642675381153822, 0.9999971389770508, -0.00212764460593462, 0.8355347514152527),
        (0.9999948740005493, -0.0011579622514545918, 0.00298763788305223, 0.10484093427658081),
        (0.002985165221616626, -0.0021311126183718443, -0.9999933242797852, 1.4484784603118896),
        (0.0, 0.0, 0.0, 1.0))), 'connect': True, 'children': [{'head': Vector((0.8561756610870361, 0.10481703281402588, 1.4484344720840454)), 'matrix': Matrix(((-0.0041293674148619175, 0.9999909996986389, 0.0011029127053916454, 0.8561756610870361),
        (0.9999887943267822, 0.004131851717829704, -0.002310423646122217, 0.10481703281402588),
        (-0.002314959652721882, 0.001093359780497849, -0.9999967217445374, 1.4484344720840454),
        (0.0, 0.0, 0.0, 1.0))), 'connect': True, 'children': [{'head': Vector((0.8777634501457214, 0.10490623116493225, 1.4484580755233765)), 'matrix': Matrix(((0.0003393304068595171, 0.9999993443489075, 0.0010940919164568186, 0.8777634501457214),
        (0.9999975562095642, -0.00034167408011853695, 0.002157806884497404, 0.10490623116493225),
        (0.0021581794135272503, 0.001093357102945447, -0.999997079372406, 1.4484580755233765),
        (0.0, 0.0, 0.0, 1.0))), 'connect': True, 'children': [], 'name': 'LeftHandPinky4', 'tail': Vector((0.8993514776229858, 0.1048988550901413, 1.4484816789627075)), 'matrix_local': Matrix(((0.0003394460363779217, 0.9999989867210388, 0.0010940171778202057, 0.8777634501457214),
        (0.9999973177909851, -0.00034167352714575827, 0.0021578059531748295, 0.10490623861551285),
        (0.002158024813979864, 0.0010933567536994815, -0.9999970197677612, 1.4484580755233765),
        (0.0, 0.0, 0.0, 1.0)))}], 'name': 'LeftHandPinky3', 'tail': Vector((0.8777634501457214, 0.10490623116493225, 1.4484580755233765)), 'matrix_local': Matrix(((-0.0041291783563792706, 0.9999905824661255, 0.0011028372682631016, 0.8561756610870361),
        (0.9999884963035583, 0.004131849855184555, -0.002310422947630286, 0.10481704026460648),
        (-0.002315112855285406, 0.0010933589655905962, -0.9999966621398926, 1.4484344720840454),
        (0.0, 0.0, 0.0, 1.0)))}], 'name': 'LeftHandPinky2', 'tail': Vector((0.8561756610870361, 0.10481703281402588, 1.4484344720840454)), 'matrix_local': Matrix(((0.001164452638477087, 0.9999967217445374, -0.0021277177147567272, 0.8355347514152527),
        (0.9999945759773254, -0.001157962018623948, 0.0029876367188990116, 0.10484094172716141),
        (0.0029850106220692396, -0.002131111454218626, -0.9999932050704956, 1.4484784603118896),
        (0.0, 0.0, 0.0, 1.0)))}], 'name': 'LeftHandPinky1', 'tail': Vector((0.8355347514152527, 0.10484093427658081, 1.4484784603118896)), 'matrix_local': Matrix(((-0.0009078540606424212, 0.9999976754188538, 0.001849350519478321, 0.7970709204673767),
        (0.9999988675117493, 0.0009063007892109454, 0.0009114486747421324, 0.1048060804605484),
        (0.0009096167632378638, 0.0018502511084079742, -0.9999977946281433, 1.4484072923660278),
        (0.0, 0.0, 0.0, 1.0)))}], 'name': 'LeftHand', 'tail': Vector((0.7898263931274414, 0.06922798603773117, 1.4499115943908691)), 'matrix_local': Matrix(((-0.08619724214076996, 0.9962508082389832, -0.00734744081273675, 0.703386664390564),
        (0.9962765574455261, 0.08620627224445343, 0.0009052157402038574, 0.061748307198286057),
        (0.0015350580215454102, -0.007241997867822647, -0.9999724626541138, 1.4505399465560913),
        (0.0, 0.0, 0.0, 1.0)))}], 'name': 'LeftForeArm', 'tail': Vector((0.703386664390564, 0.06174829602241516, 1.4505399465560913)), 'matrix_local': Matrix(((-0.001116909901611507, 0.9999854564666748, -0.005228455178439617, 0.4188023805618286),
        (0.9854520559310913, 0.001989347394555807, 0.16993984580039978, 0.061182163655757904),
        (0.16994771361351013, -0.004962509498000145, -0.9854404926300049, 1.4519522190093994),
        (0.0, 0.0, 0.0, 1.0)))}], 'name': 'LeftArm', 'tail': Vector((0.418802410364151, 0.06118215247988701, 1.4519522190093994)), 'matrix_local': Matrix(((-0.03757467865943909, 0.9992642998695374, -0.007658824324607849, 0.12930859625339508),
        (0.9902958273887634, 0.038261570036411285, 0.1336025893688202, 0.050097521394491196),
        (0.13379725813865662, -0.002564355731010437, -0.9910053610801697, 1.4526951313018799),
        (0.0, 0.0, 0.0, 1.0)))}], 'name': 'LeftShoulder', 'tail': Vector((0.12930861115455627, 0.050097521394491196, 1.4526951313018799)), 'matrix_local': Matrix(((-0.23500114679336548, 0.9705716371536255, -0.05258176848292351, 0.05301709100604057),
        (0.9556884765625, 0.24058787524700165, 0.16963669657707214, 0.03118617832660675),
        (0.1772950142621994, -0.010386936366558075, -0.9841028451919556, 1.4535115957260132),
        (0.0, 0.0, 0.0, 1.0)))}, {'head': Vector((-0.05300942435860634, 0.031170738860964775, 1.453508734703064)), 'matrix': Matrix(((-0.23358391225337982, -0.970931351184845, 0.052260011434555054, -0.05300942435860634),
        (-0.9561648964881897, 0.23912867903709412, 0.16901543736457825, 0.031170738860964775),
        (-0.17659921944141388, -0.010489899665117264, -0.9842268824577332, 1.453508734703064),
        (0.0, 0.0, 0.0, 1.0))), 'connect': False, 'children': [{'head': Vector((-0.12927542626857758, 0.049954138696193695, 1.452684760093689)), 'matrix': Matrix(((-0.03570681810379028, -0.9993321299552917, 0.00776199996471405, -0.12927542626857758),
        (-0.9904414415359497, 0.036422405391931534, 0.1330384910106659, 0.049954138696193695),
        (-0.13323235511779785, -0.002937434706836939, -0.9910804629325867, 1.452684760093689),
        (0.0, 0.0, 0.0, 1.0))), 'connect': True, 'children': [{'head': Vector((-0.418802410364151, 0.06050645560026169, 1.451833724975586)), 'matrix': Matrix(((-4.736570190289058e-05, -0.9999866485595703, 0.005248533561825752, -0.418802410364151),
        (-0.985575795173645, 0.0009348166640847921, 0.169232577085495, 0.06050645560026169),
        (-0.16923516988754272, -0.0051648314110934734, -0.9855622053146362, 1.451833724975586),
        (0.0, 0.0, 0.0, 1.0))), 'connect': True, 'children': [{'head': Vector((-0.7033869028091431, 0.06077249348163605, 1.4503638744354248)), 'matrix': Matrix(((-0.08534754067659378, -0.9963222146034241, 0.00760391540825367, -0.7033869028091431),
        (-0.9963500499725342, 0.08535660803318024, 0.0008778898045420647, 0.06077249348163605),
        (-0.001523706130683422, -0.007501236628741026, -0.9999706745147705, 1.4503638744354248),
        (0.0, 0.0, 0.0, 1.0))), 'connect': True, 'children': [{'head': Vector((-0.7990332841873169, 0.06067657843232155, 1.4503207206726074)), 'matrix': Matrix(((-0.00037638365756720304, -0.9999935626983643, -0.0036075282841920853, -0.7990332841873169),
        (-0.9999995827674866, 0.0003732145996764302, 0.0008823531679809093, 0.06067657843232155),
        (-0.0008810011204332113, 0.003607859369367361, -0.9999931454658508, 1.4503207206726074),
        (0.0, 0.0, 0.0, 1.0))), 'connect': False, 'children': [{'head': Vector((-0.8409957885742188, 0.06069223955273628, 1.450472116470337)), 'matrix': Matrix(((-0.001967884134501219, -0.9999919533729553, 0.0033901368733495474, -0.8409957885742188),
        (-0.9999977350234985, 0.001965627307072282, -0.000715149100869894, 0.06069223955273628),
        (0.0007084808312356472, -0.0033915359526872635, -0.9999939799308777, 1.450472116470337),
        (0.0, 0.0, 0.0, 1.0))), 'connect': True, 'children': [{'head': Vector((-0.8714346289634705, 0.06075207144021988, 1.450368881225586)), 'matrix': Matrix(((0.00043750423355959356, -0.9999992251396179, -0.001117435283958912, -0.8714346289634705),
        (-0.9999984502792358, -0.00043942974298261106, 0.0016957223415374756, 0.06075207144021988),
        (-0.0016962119843810797, 0.0011166916228830814, -0.9999979138374329, 1.450368881225586),
        (0.0, 0.0, 0.0, 1.0))), 'connect': True, 'children': [{'head': Vector((-0.9020724892616272, 0.06073860824108124, 1.450403094291687)), 'matrix': Matrix(((0.00038318042061291635, -0.9999994039535522, -0.0010978722712025046, -0.9020724892616272),
        (-0.9999986290931702, -0.00038508017314597964, 0.0016419398598372936, 0.06073860824108124),
        (-0.0016423615161329508, 0.0010972414165735245, -0.9999980926513672, 1.450403094291687),
        (0.0, 0.0, 0.0, 1.0))), 'connect': True, 'children': [], 'name': 'RightHandMiddle4', 'tail': Vector((-0.9327102303504944, 0.06072681024670601, 1.4504367113113403)), 'matrix_local': Matrix(((0.0003832779766526073, -0.9999992847442627, -0.001097882050089538, -0.902072548866272),
        (-0.9999984502792358, -0.00038508017314597964, 0.0016419400926679373, 0.060738611966371536),
        (-0.0016422139015048742, 0.0010972414165735245, -0.9999982118606567, 1.450403094291687),
        (0.0, 0.0, 0.0, 1.0)))}], 'name': 'RightHandMiddle3', 'tail': Vector((-0.9020724892616272, 0.06073860824108124, 1.450403094291687)), 'matrix_local': Matrix(((0.0004375353455543518, -0.9999992847442627, -0.0011174448300153017, -0.8714346885681152),
        (-0.9999983310699463, -0.00043942968477495015, 0.0016957222251221538, 0.06075207516551018),
        (-0.0016960642533376813, 0.0011166913900524378, -0.9999980926513672, 1.450368881225586),
        (0.0, 0.0, 0.0, 1.0)))}], 'name': 'RightHandMiddle2', 'tail': Vector((-0.8714346289634705, 0.06075207144021988, 1.450368881225586)), 'matrix_local': Matrix(((-0.001968041528016329, -0.999992311000824, 0.0033901252318173647, -0.8409958481788635),
        (-0.9999977350234985, 0.001965628005564213, -0.0007151487516239285, 0.06069224327802658),
        (0.0007086278055794537, -0.0033915366511791945, -0.999994158744812, 1.450472116470337),
        (0.0, 0.0, 0.0, 1.0)))}], 'name': 'RightHandMiddle1', 'tail': Vector((-0.8409957885742188, 0.06069223955273628, 1.450472116470337)), 'matrix_local': Matrix(((-0.0003763945132959634, -0.9999934434890747, -0.0036075362004339695, -0.7990333437919617),
        (-0.999999463558197, 0.0003732139593921602, 0.0008823530515655875, 0.06067658215761185),
        (-0.0008808528073132038, 0.0036078570410609245, -0.9999932646751404, 1.4503207206726074),
        (0.0, 0.0, 0.0, 1.0)))}, {'head': Vector((-0.7383600473403931, 0.04048316553235054, 1.4333765506744385)), 'matrix': Matrix(((0.5004739761352539, -0.7768715023994446, 0.3820951581001282, -0.7383600473403931),
        (-0.8657463788986206, -0.45064428448677063, 0.2177225947380066, 0.04048316553235054),
        (0.0030464380979537964, -0.4397619366645813, -0.8981091976165771, 1.4333765506744385),
        (0.0, 0.0, 0.0, 1.0))), 'connect': False, 'children': [{'head': Vector((-0.7702581882476807, 0.02197982743382454, 1.4153200387954712)), 'matrix': Matrix(((0.5089864730834961, -0.7693287134170532, 0.38609084486961365, -0.7702581882476807),
        (-0.8607691526412964, -0.45333409309387207, 0.231440007686615, 0.02197982743382454),
        (-0.003025144338607788, -0.45013487339019775, -0.8929554224014282, 1.4153200387954712),
        (0.0, 0.0, 0.0, 1.0))), 'connect': True, 'children': [{'head': Vector((-0.8028439879417419, 0.0027783415280282497, 1.396254062652588)), 'matrix': Matrix(((0.4873118996620178, -0.7793785333633423, 0.39382266998291016, -0.8028439879417419),
        (-0.8731399774551392, -0.4413020610809326, 0.2070733904838562, 0.0027783415280282497),
        (0.012406021356582642, -0.44477176666259766, -0.8955581784248352, 1.396254062652588),
        (0.0, 0.0, 0.0, 1.0))), 'connect': True, 'children': [{'head': Vector((-0.8263409733772278, -0.01052619144320488, 1.3828449249267578)), 'matrix': Matrix(((0.5016288161277771, -0.7743119597434998, 0.38575854897499084, -0.8263409733772278),
        (-0.8650802969932556, -0.4501357674598694, 0.2213916778564453, -0.01052619144320488),
        (0.002217322587966919, -0.44476866722106934, -0.895642876625061, 1.3828449249267578),
        (0.0, 0.0, 0.0, 1.0))), 'connect': True, 'children': [], 'name': 'RightHandThumb4', 'tail': Vector((-0.8496849536895752, -0.0240968968719244, 1.3694360256195068)), 'matrix_local': Matrix(((0.5016289353370667, -0.7743119597434998, 0.385758638381958, -0.8263410329818726),
        (-0.8650800585746765, -0.4501356780529022, 0.2213917225599289, -0.010526187717914581),
        (0.0022176504135131836, -0.4447685778141022, -0.8956429362297058, 1.3828449249267578),
        (0.0, 0.0, 0.0, 1.0)))}], 'name': 'RightHandThumb3', 'tail': Vector((-0.8263409733772278, -0.01052619144320488, 1.3828449249267578)), 'matrix_local': Matrix(((0.48731210827827454, -0.7793784737586975, 0.3938227593898773, -0.8028440475463867),
        (-0.8731397986412048, -0.44130200147628784, 0.20707345008850098, 0.0027783457189798355),
        (0.012406357564032078, -0.4447716772556305, -0.8955581784248352, 1.396254062652588),
        (0.0, 0.0, 0.0, 1.0)))}], 'name': 'RightHandThumb2', 'tail': Vector((-0.8028439879417419, 0.0027783415280282497, 1.396254062652588)), 'matrix_local': Matrix(((0.5089864730834961, -0.7693288326263428, 0.3860907554626465, -0.7702582478523254),
        (-0.8607692122459412, -0.45333415269851685, 0.2314399629831314, 0.021979831159114838),
        (-0.0030251480638980865, -0.45013484358787537, -0.8929555416107178, 1.4153200387954712),
        (0.0, 0.0, 0.0, 1.0)))}], 'name': 'RightHandThumb1', 'tail': Vector((-0.7702581882476807, 0.02197982743382454, 1.4153200387954712)), 'matrix_local': Matrix(((0.5004739165306091, -0.7768715023994446, 0.382095068693161, -0.7383601069450378),
        (-0.865746259689331, -0.45064428448677063, 0.217722550034523, 0.04048316925764084),
        (0.003046676516532898, -0.43976184725761414, -0.8981093168258667, 1.4333765506744385),
        (0.0, 0.0, 0.0, 1.0)))}, {'head': Vector((-0.7990067005157471, 0.03508102521300316, 1.4481980800628662)), 'matrix': Matrix(((-0.0001138061925303191, -0.9999958276748657, -0.002939137862995267, -0.7990067005157471),
        (-0.9999996423721313, 0.00011113534856121987, 0.0008791536092758179, 0.03508102521300316),
        (-0.0008788229897618294, 0.002939237281680107, -0.999995231628418, 1.4481980800628662),
        (0.0, 0.0, 0.0, 1.0))), 'connect': False, 'children': [{'head': Vector((-0.8397672176361084, 0.03508555516600609, 1.4483178853988647)), 'matrix': Matrix(((-0.0009932025568559766, -0.9999986886978149, 0.0014364904491230845, -0.8397672176361084),
        (-0.9999995231628418, 0.0009931186214089394, -2.9704533517360687e-06, 0.03508555516600609),
        (1.5436671674251556e-06, -0.0014364931266754866, -0.9999989867210388, 1.4483178853988647),
        (0.0, 0.0, 0.0, 1.0))), 'connect': True, 'children': [{'head': Vector((-0.8741235136985779, 0.0351196750998497, 1.4482685327529907)), 'matrix': Matrix(((0.001030436484143138, -0.9999991655349731, -0.000756197958253324, -0.8741235136985779),
        (-0.9999974370002747, -0.001031906227581203, 0.002021933440119028, 0.0351196750998497),
        (-0.0020227120257914066, 0.0007541126688010991, -0.9999976754188538, 1.4482685327529907),
        (0.0, 0.0, 0.0, 1.0))), 'connect': True, 'children': [{'head': Vector((-0.9002065062522888, 0.035092759877443314, 1.4482882022857666)), 'matrix': Matrix(((-0.00010266925528412685, -1.0, -0.0007723018061369658, -0.9002065062522888),
        (-0.9999996423721313, 0.00010183364065596834, 0.000889607414137572, 0.035092759877443314),
        (-0.0008895283099263906, 0.0007723932503722608, -0.9999992847442627, 1.4482882022857666),
        (0.0, 0.0, 0.0, 1.0))), 'connect': True, 'children': [], 'name': 'RightHandIndex4', 'tail': Vector((-0.9262895584106445, 0.03509541600942612, 1.4483083486557007)), 'matrix_local': Matrix(((-0.00010252460197079927, -0.9999996423721313, -0.0007723120506852865, -0.9002065658569336),
        (-0.9999995827674866, 0.00010183375707129017, 0.0008896078215911984, 0.03509276360273361),
        (-0.0008893810445442796, 0.0007723929011262953, -0.999999463558197, 1.4482882022857666),
        (0.0, 0.0, 0.0, 1.0)))}], 'name': 'RightHandIndex3', 'tail': Vector((-0.9002065062522888, 0.035092759877443314, 1.4482882022857666)), 'matrix_local': Matrix(((0.0010303744347766042, -0.9999991059303284, -0.0007562076207250357, -0.8741235733032227),
        (-0.9999974370002747, -0.0010319056455045938, 0.002021932974457741, 0.03511967882514),
        (-0.0020225639455020428, 0.0007541123777627945, -0.9999978542327881, 1.4482685327529907),
        (0.0, 0.0, 0.0, 1.0)))}], 'name': 'RightHandIndex2', 'tail': Vector((-0.8741235136985779, 0.0351196750998497, 1.4482685327529907)), 'matrix_local': Matrix(((-0.0009931260719895363, -0.9999983906745911, 0.0014364789240062237, -0.8397672772407532),
        (-0.999999463558197, 0.0009931186214089394, -2.970220521092415e-06, 0.03508555889129639),
        (1.6918056644499302e-06, -0.0014364919625222683, -0.9999991059303284, 1.4483178853988647),
        (0.0, 0.0, 0.0, 1.0)))}], 'name': 'RightHandIndex1', 'tail': Vector((-0.8397672176361084, 0.03508555516600609, 1.4483178853988647)), 'matrix_local': Matrix(((-0.00011372564767953008, -0.9999956488609314, -0.002939151134341955, -0.7990067601203918),
        (-0.9999995231628418, 0.00011113796063000336, 0.0008791539003141224, 0.03508102893829346),
        (-0.0008786754333414137, 0.0029392396099865437, -0.9999954104423523, 1.4481980800628662),
        (0.0, 0.0, 0.0, 1.0)))}, {'head': Vector((-0.7990544438362122, 0.08166951686143875, 1.4505422115325928)), 'matrix': Matrix(((-0.00043781634303741157, -0.9999958872795105, -0.0028351559303700924, -0.7990544438362122),
        (-0.9999995827674866, 0.000435280438978225, 0.000881792395375669, 0.08166951686143875),
        (-0.0008805547840893269, 0.002835541497915983, -0.9999955892562866, 1.4505422115325928),
