# ##### BEGIN GPL LICENSE BLOCK #####
#
#  This program is free software; you can redistribute it and/or
#  modify it under the terms of the GNU General Public License
#  as published by the Free Software Foundation; either version 2
#  of the License, or (at your option) any later version.
#
#  This program is distributed in the hope that it will be useful,
#  but WITHOUT ANY WARRANTY; without even the implied warranty of
#  MERCHANTABILITY or FITNESS FOR A PARTICULAR PURPOSE.  See the
#  GNU General Public License for more details.
#
#  You should have received a copy of the GNU General Public License
#  along with this program; if not, write to the Free Software Foundation,
#  Inc., 51 Franklin Street, Fifth Floor, Boston, MA 02110-1301, USA.
#
# ##### END GPL LICENSE BLOCK #####

# Armature Data from The Default Woodie Avatar

structure = [{'children': [{'children': [{'children': [{'children': [{'children': [{'children': [{'children': [], 'name': 'HeadTop_End', 'tail': [-1.8583938071969897e-05, 0.024075912311673164, 2.112501382827759], 'connect': False, 'head': [-1.8583938071969897e-05, 0.02407594956457615, 1.8859091997146606], 'rotation': [[1.0, 0.0, -2.032877942499327e-20, -1.8583938071969897e-05], [-2.0328781040580405e-20, -1.6440506556136825e-07, -0.9999999403953552, 0.02407594956457615], [-3.342154825272612e-27, 0.9999999403953552, -1.1920928955078125e-07, 1.8859091997146606], [0.0, 0.0, 0.0, 1.0]]}, {'children': [], 'name': 'RightEye', 'tail': [-0.04729821905493736, -0.06841002404689789, 1.9284818172454834], 'connect': False, 'head': [-0.04729821905493736, -0.0684099867939949, 1.7018897533416748], 'rotation': [[1.0, 0.0, -2.032877942499327e-20, -0.04729821905493736], [-2.0328781040580405e-20, -1.6440515082649654e-07, -0.9999999403953552, -0.0684099867939949], [-3.3421567512025566e-27, 0.9999999403953552, -1.1920928955078125e-07, 1.7018897533416748], [0.0, 0.0, 0.0, 1.0]]}, {'children': [], 'name': 'LeftEye', 'tail': [0.047298211604356766, -0.0684099867939949, 1.9284815788269043], 'connect': False, 'head': [0.047298211604356766, -0.06840994954109192, 1.7018895149230957], 'rotation': [[1.0, 0.0, -2.032877942499327e-20, 0.047298211604356766], [-2.0328781040580405e-20, -1.6440515082649654e-07, -0.9999999403953552, -0.06840994954109192], [-3.3421567512025566e-27, 0.9999999403953552, -1.1920928955078125e-07, 1.7018895149230957], [0.0, 0.0, 0.0, 1.0]]}], 'name': 'Head', 'tail': [-4.5046333980280906e-05, 0.050479769706726074, 1.7985490560531616], 'connect': False, 'head': [-4.5046333980280906e-05, 0.05047980695962906, 1.5719568729400635], 'rotation': [[1.0, 0.0, -2.7103918554382484e-20, -4.5046333980280906e-05], [-2.7103920169969618e-20, -1.6440506556136825e-07, -0.9999999403953552, 0.05047980695962906], [-4.456022186398803e-27, 0.9999999403953552, -1.1920928955078125e-07, 1.5719568729400635], [0.0, 0.0, 0.0, 1.0]]}], 'name': 'Neck', 'tail': [-3.424820761210867e-06, 0.04368492588400841, 1.5725064277648926], 'connect': True, 'head': [7.578842541988706e-06, 0.040978532284498215, 1.4823189973831177], 'rotation': [[1.0, -0.00012195394083391875, -1.8294275605512667e-06, 7.578842541988706e-06], [1.8294141455044155e-06, 0.029995042830705643, -0.9995500445365906, 0.040978532284498215], [0.00012195393355796114, 0.9995500445365906, 0.029995068907737732, 1.4823189973831177], [0.0, 0.0, 0.0, 1.0]]}, {'children': [{'children': [{'children': [{'children': [{'children': [{'children': [{'children': [{'children': [], 'name': 'LeftHandMiddle4', 'tail': [0.9307929873466492, 0.0619526132941246, 1.4506691694259644], 'connect': False, 'head': [0.9001408815383911, 0.06190834194421768, 1.4506281614303589], 'rotation': [[-0.0014454539632424712, 0.9999979734420776, 0.001336524961516261, 0.9001408815383911], [0.9999985098838806, 0.0014443140244111419, 0.0009178444743156433, 0.06190834194421768], [0.0009159125620499253, 0.0013378496514633298, -0.9999986886978149, 1.4506281614303589], [0.0, 0.0, 0.0, 1.0]]}], 'name': 'LeftHandMiddle3', 'tail': [0.9001408815383911, 0.06193063408136368, 1.4506280422210693], 'connect': True, 'head': [0.8694887161254883, 0.061907947063446045, 1.4505869150161743], 'rotation': [[-0.0007422405760735273, 0.9999987483024597, 0.00134053616784513, 0.8694887161254883], [0.9999983906745911, 0.0007401431212201715, 0.0016210762551054358, 0.061907947063446045], [0.0016200823010876775, 0.0013417372247204185, -0.9999977946281433, 1.4505869150161743], [0.0, 0.0, 0.0, 1.0]]}], 'name': 'LeftHandMiddle2', 'tail': [0.8694887161254883, 0.061907947063446045, 1.4505869150161743], 'connect': True, 'head': [0.8390478491783142, 0.06181998923420906, 1.4506829977035522], 'rotation': [[-0.002891133539378643, 0.9999907612800598, -0.0031548121478408575, 0.8390478491783142], [0.9999956488609314, 0.002889438532292843, -0.0005340802017599344, 0.06181998923420906], [-0.0005249592941254377, -0.003156342776492238, -0.9999948740005493, 1.4506829977035522], [0.0, 0.0, 0.0, 1.0]]}], 'name': 'LeftHandMiddle1', 'tail': [0.8390478491783142, 0.06181998923420906, 1.4506829977035522], 'connect': False, 'head': [0.7970767021179199, 0.06175946816802025, 1.45052170753479], 'rotation': [[-0.0014455110067501664, 0.9999916553497314, 0.003841523313894868, 0.7970767021179199], [0.9999985098838806, 0.001441956264898181, 0.0009216063190251589, 0.06175946816802025], [0.0009160588961094618, 0.0038428499829024076, -0.9999921917915344, 1.45052170753479], [0.0, 0.0, 0.0, 1.0]]}, {'children': [{'children': [{'children': [{'children': [], 'name': 'LeftHandThumb4', 'tail': [0.8498824834823608, -0.023036332800984383, 1.369586706161499], 'connect': True, 'head': [0.8264647722244263, -0.009461023844778538, 1.3830206394195557], 'rotation': [[0.5006170272827148, 0.774949848651886, -0.3857915997505188, 0.8264647722244263], [0.8656662702560425, -0.44924044609069824, 0.22091799974441528, -0.009461023844778538], [-0.0021128803491592407, -0.44456201791763306, -0.8957455158233643, 1.3830206394195557], [0.0, 0.0, 0.0, 1.0]]}], 'name': 'LeftHandThumb3', 'tail': [0.8264647722244263, -0.009461023844778538, 1.3830206394195557], 'connect': True, 'head': [0.8028973340988159, 0.0038532759062945843, 1.396454930305481], 'rotation': [[0.48661673069000244, 0.7798935770988464, -0.3936622738838196, 0.8028973340988159], [0.8735320568084717, -0.44059672951698303, 0.20692050457000732, 0.0038532759062945843], [-0.01207047700881958, -0.4445675015449524, -0.8956639766693115, 1.396454930305481], [0.0, 0.0, 0.0, 1.0]]}], 'name': 'LeftHandThumb2', 'tail': [0.8028973340988159, 0.0038532759062945843, 1.396454930305481], 'connect': True, 'head': [0.7702827453613281, 0.02301676943898201, 1.4155142307281494], 'rotation': [[0.5079441070556641, 0.7699732184410095, -0.38617897033691406, 0.7702827453613281], [0.8613845109939575, -0.45241647958755493, 0.23094651103019714, 0.02301676943898201], [0.0031090527772903442, -0.44995665550231934, -0.8930450677871704, 1.4155142307281494], [0.0, 0.0, 0.0, 1.0]]}], 'name': 'LeftHandThumb1', 'tail': [0.7702827453613281, 0.02301676943898201, 1.4155142307281494], 'connect': False, 'head': [0.7383624315261841, 0.041483353823423386, 1.4335602521896362], 'rotation': [[0.49953436851501465, 0.7774857878684998, -0.3820748031139374, 0.7383624315261841], [0.8662891387939453, -0.44979214668273926, 0.2173246145248413, 0.041483353823423386], [-0.002887517213821411, -0.43954846262931824, -0.8982142210006714, 1.4335602521896362], [0.0, 0.0, 0.0, 1.0]]}, {'children': [{'children': [{'children': [{'children': [], 'name': 'LeftHandIndex4', 'tail': [0.9244475960731506, 0.03628501668572426, 1.4485450983047485], 'connect': True, 'head': [0.8983032703399658, 0.036252960562705994, 1.4485201835632324], 'rotation': [[-0.0012270220322534442, 0.9999988079071045, 0.0009518907754682004, 0.8983032703399658], [0.9999988675117493, 0.0012261199299246073, 0.0008789075654931366, 0.036252960562705994], [0.0008777393959462643, 0.0009529681992717087, -0.9999992251396179, 1.4485201835632324], [0.0, 0.0, 0.0, 1.0]]}], 'name': 'LeftHandIndex3', 'tail': [0.8983032703399658, 0.036252960562705994, 1.4485201835632324], 'connect': True, 'head': [0.8721587657928467, 0.03625163435935974, 1.4484951496124268], 'rotation': [[-5.247835724730976e-05, 0.9999991655349731, 0.0009574160794727504, 0.8721587657928467], [0.9999977946281433, 5.072585554444231e-05, 0.0020532049238681793, 0.03625163435935974], [0.0020531555637717247, 0.0009575216099619865, -0.9999974370002747, 1.4484951496124268], [0.0, 0.0, 0.0, 1.0]]}], 'name': 'LeftHandIndex2', 'tail': [0.8721587657928467, 0.03625163435935974, 1.4484951496124268], 'connect': True, 'head': [0.8378132581710815, 0.036181893199682236, 1.448534607887268], 'rotation': [[-0.0020303907804191113, 0.9999971985816956, -0.0011490101460367441, 0.8378132581710815], [0.9999978542327881, 0.002030569827184081, 7.294525858014822e-05, 0.036181893199682236], [7.527810521423817e-05, -0.0011488593881949782, -0.9999993443489075, 1.448534607887268], [0.0, 0.0, 0.0, 1.0]]}], 'name': 'LeftHandIndex1', 'tail': [0.8378132581710815, 0.036181893199682236, 1.448534607887268], 'connect': False, 'head': [0.7970793843269348, 0.03613352030515671, 1.4484058618545532], 'rotation': [[-0.0011904722778126597, 0.9999944567680359, 0.003159555373713374, 0.7970793843269348], [0.999998927116394, 0.0011875281343236566, 0.0009181739296764135, 0.03613352030515671], [0.0009144162759184837, 0.0031606450211256742, -0.9999946355819702, 1.4484058618545532], [0.0, 0.0, 0.0, 1.0]]}, {'children': [{'children': [{'children': [{'children': [], 'name': 'LeftHandRing4', 'tail': [0.925056517124176, 0.0829254612326622, 1.4508776664733887], 'connect': True, 'head': [0.8923263549804688, 0.08287210017442703, 1.4508330821990967], 'rotation': [[-0.001631310791708529, 0.9999973177909851, 0.0013608877779915929, 0.8923263549804688], [0.9999982714653015, 0.0016303283628076315, 0.0007898193434812129, 0.08287210017442703], [0.0007875991286709905, 0.0013621734688058496, -0.9999987483024597, 1.4508330821990967], [0.0, 0.0, 0.0, 1.0]]}], 'name': 'LeftHandRing3', 'tail': [0.8923263549804688, 0.08287210017442703, 1.4508330821990967], 'connect': True, 'head': [0.8595961332321167, 0.08283679932355881, 1.4507882595062256], 'rotation': [[-0.00108050974085927, 0.9999986290931702, 0.001368009950965643, 0.8595961332321167], [0.9999985694885254, 0.0010785384802147746, 0.0013409341918304563, 0.08283679932355881], [0.0013394562993198633, 0.00136945687700063, -0.9999982118606567, 1.4507882595062256], [0.0, 0.0, 0.0, 1.0]]}], 'name': 'LeftHandRing2', 'tail': [0.8595961332321167, 0.08283679932355881, 1.4507882595062256], 'connect': True, 'head': [0.8330510258674622, 0.08278724551200867, 1.4508453607559204], 'rotation': [[-0.0018655633321031928, 0.9999960064888, -0.0021521251183003187, 0.8330510258674622], [0.9999980926513672, 0.0018667700933292508, 0.0005503331776708364, 0.08278724551200867], [0.0005543483421206474, -0.0021510941442102194, -0.999997615814209, 1.4508453607559204], [0.0, 0.0, 0.0, 1.0]]}], 'name': 'LeftHandRing1', 'tail': [0.8330510258674622, 0.08278724551200867, 1.4508453607559204], 'connect': False, 'head': [0.7970741391181946, 0.08273328840732574, 1.4507348537445068], 'rotation': [[-0.0015024594031274319, 0.9999938011169434, 0.003070213831961155, 0.7970741391181946], [0.9999983906745911, 0.0014997621765360236, 0.0009213907178491354, 0.08273328840732574], [0.0009167811367660761, 0.003071592189371586, -0.9999948143959045, 1.4507348537445068], [0.0, 0.0, 0.0, 1.0]]}, {'children': [{'children': [{'children': [{'children': [], 'name': 'LeftHandPinky4', 'tail': [0.8993514776229858, 0.10489867627620697, 1.4484816789627075], 'connect': True, 'head': [0.8777634501457214, 0.10490605235099792, 1.4484580755233765], 'rotation': [[0.0003393274964764714, 0.9999993443489075, 0.0010940928477793932, 0.8777634501457214], [0.9999975562095642, -0.00034167413832619786, 0.0021604294888675213, 0.10490605235099792], [0.0021608020178973675, 0.001093357102945447, -0.999997079372406, 1.4484580755233765], [0.0, 0.0, 0.0, 1.0]]}], 'name': 'LeftHandPinky3', 'tail': [0.8777634501457214, 0.10490605235099792, 1.4484580755233765], 'connect': True, 'head': [0.8561756610870361, 0.10481685400009155, 1.4484344720840454], 'rotation': [[-0.004129369277507067, 0.9999909996986389, 0.001102903624996543, 0.8561756610870361], [0.9999887943267822, 0.004131852183490992, -0.002308277878910303, 0.10481685400009155], [-0.0023128134198486805, 0.0010933600133284926, -0.9999967217445374, 1.4484344720840454], [0.0, 0.0, 0.0, 1.0]]}], 'name': 'LeftHandPinky2', 'tail': [0.8561756610870361, 0.10481685400009155, 1.4484344720840454], 'connect': True, 'head': [0.8355347514152527, 0.10484075546264648, 1.4484784603118896], 'rotation': [[0.0011642563622444868, 0.999997079372406, -0.0021276508923619986, 0.8355347514152527], [0.9999949336051941, -0.0011579622514545918, 0.002982392441481352, 0.10484075546264648], [0.0029799200128763914, -0.0021311123855412006, -0.9999933242797852, 1.4484784603118896], [0.0, 0.0, 0.0, 1.0]]}], 'name': 'LeftHandPinky1', 'tail': [0.8355347514152527, 0.10484075546264648, 1.4484784603118896], 'connect': False, 'head': [0.7970709204673767, 0.10480589419603348, 1.4484072923660278], 'rotation': [[-0.0009080971940420568, 0.9999980330467224, 0.0018494239775463939, 0.7970709204673767], [0.9999992251396179, 0.0009063370525836945, 0.000913832918740809, 0.10480589419603348], [0.000912154617253691, 0.001850252621807158, -0.9999979138374329, 1.4484072923660278], [0.0, 0.0, 0.0, 1.0]]}], 'name': 'LeftHand', 'tail': [0.7898263931274414, 0.06922781467437744, 1.4499115943908691], 'connect': True, 'head': [0.703386664390564, 0.06174812465906143, 1.4505399465560913], 'rotation': [[-0.0861973688006401, 0.9962510466575623, -0.0073473770171403885, 0.703386664390564], [0.9962769150733948, 0.08620629459619522, 0.0009051626548171043, 0.06174812465906143], [0.0015351595357060432, -0.007241998333483934, -0.9999725818634033, 1.4505399465560913], [0.0, 0.0, 0.0, 1.0]]}], 'name': 'LeftForeArm', 'tail': [0.703386664390564, 0.06174812465906143, 1.4505399465560913], 'connect': True, 'head': [0.418802410364151, 0.06118198111653328, 1.4519522190093994], 'rotation': [[-0.001116867526434362, 0.99998539686203, -0.005228403024375439, 0.418802410364151], [0.9854523539543152, 0.001989341340959072, 0.16994012892246246, 0.06118198111653328], [0.16994808614253998, -0.00496250856667757, -0.9854405522346497, 1.4519522190093994], [0.0, 0.0, 0.0, 1.0]]}], 'name': 'LeftArm', 'tail': [0.418802410364151, 0.06118198111653328, 1.4519522190093994], 'connect': True, 'head': [0.15530553460121155, 0.05009734630584717, 1.4526951313018799], 'rotation': [[-0.04132695123553276, 0.9991123676300049, -0.008157432079315186, 0.15530553460121155], [0.9909552931785583, 0.042030081152915955, 0.1274401694536209, 0.05009734630584717], [0.12766991555690765, -0.0028169313445687294, -0.9918127059936523, 1.4526951313018799], [0.0, 0.0, 0.0, 1.0]]}], 'name': 'LeftShoulder', 'tail': [0.15530553460121155, 0.05009734630584717, 1.4526951313018799], 'connect': False, 'head': [0.04024668037891388, 0.031186003237962723, 1.4535115957260132], 'rotation': [[-0.15841631591320038, 0.9867361783981323, -0.03544573485851288, 0.04024668037891388], [0.9714482426643372, 0.1621822565793991, 0.1731625497341156, 0.031186003237962723], [0.1766144037246704, -0.007001935970038176, -0.9842551946640015, 1.4535115957260132], [0.0, 0.0, 0.0, 1.0]]}, {'children': [{'children': [{'children': [{'children': [{'children': [{'children': [{'children': [{'children': [], 'name': 'RightHandMiddle4', 'tail': [-0.9327102303504944, 0.06072663888335228, 1.4504367113113403], 'connect': True, 'head': [-0.9020724892616272, 0.06073843687772751, 1.450403094291687], 'rotation': [[0.000383181992219761, -0.9999994039535522, -0.0010978718055412173, -0.9020724892616272], [-0.9999986290931702, -0.00038508017314597964, 0.0016405093483626842, 0.06073843687772751], [-0.0016409310046583414, 0.0010972414165735245, -0.9999980926513672, 1.450403094291687], [0.0, 0.0, 0.0, 1.0]]}], 'name': 'RightHandMiddle3', 'tail': [-0.9020724892616272, 0.06073843687772751, 1.450403094291687], 'connect': True, 'head': [-0.8714346289634705, 0.06075190007686615, 1.450368881225586], 'rotation': [[0.0004375050193630159, -0.9999992251396179, -0.0011174348182976246, -0.8714346289634705], [-0.9999984502792358, -0.0004394297720864415, 0.001695007085800171, 0.06075190007686615], [-0.001695496728643775, 0.0011166916228830814, -0.9999979138374329, 1.450368881225586], [0.0, 0.0, 0.0, 1.0]]}], 'name': 'RightHandMiddle2', 'tail': [-0.8714346289634705, 0.06075190007686615, 1.450368881225586], 'connect': True, 'head': [-0.8409957885742188, 0.06069206818938255, 1.450472116470337], 'rotation': [[-0.00196787528693676, -0.9999919533729553, 0.003390142461284995, -0.8409957885742188], [-0.9999977350234985, 0.001965627074241638, -0.0007125262636691332, 0.06069206818938255], [0.00070585822686553, -0.003391535487025976, -0.9999939799308777, 1.450472116470337], [0.0, 0.0, 0.0, 1.0]]}], 'name': 'RightHandMiddle1', 'tail': [-0.8409957885742188, 0.06069206818938255, 1.450472116470337], 'connect': False, 'head': [-0.7990332841873169, 0.06067640706896782, 1.4503207206726074], 'rotation': [[-0.00037638191133737564, -0.9999935626983643, -0.0036075287498533726, -0.7990332841873169], [-0.9999995827674866, 0.0003732146287802607, 0.0008818763308227062, 0.06067640706896782], [-0.0008805242832750082, 0.0036078589037060738, -0.9999931454658508, 1.4503207206726074], [0.0, 0.0, 0.0, 1.0]]}, {'children': [{'children': [{'children': [{'children': [], 'name': 'RightHandThumb4', 'tail': [-0.8496849536895752, -0.024097060784697533, 1.3694360256195068], 'connect': True, 'head': [-0.8263409733772278, -0.010526351630687714, 1.3828449249267578], 'rotation': [[0.5016276240348816, -0.7743117213249207, 0.3857603669166565, -0.8263409733772278], [-0.865080714225769, -0.450135737657547, 0.22138875722885132, -0.010526351630687714], [0.0022207796573638916, -0.444768488407135, -0.8956427574157715, 1.3828449249267578], [0.0, 0.0, 0.0, 1.0]]}], 'name': 'RightHandThumb3', 'tail': [-0.8263409733772278, -0.010526351630687714, 1.3828449249267578], 'connect': True, 'head': [-0.8028439879417419, 0.0027781773824244738, 1.396254062652588], 'rotation': [[0.4873126149177551, -0.7793784737586975, 0.3938218057155609, -0.8028439879417419], [-0.8731393814086914, -0.4413018822669983, 0.2070751190185547, 0.0027781773824244738], [0.012404531240463257, -0.4447716474533081, -0.8955580592155457, 1.396254062652588], [0.0, 0.0, 0.0, 1.0]]}], 'name': 'RightHandThumb2', 'tail': [-0.8028439879417419, 0.0027781773824244738, 1.396254062652588], 'connect': True, 'head': [-0.7702581882476807, 0.02197965793311596, 1.4153200387954712], 'rotation': [[0.508986234664917, -0.7693289518356323, 0.3860909044742584, -0.7702581882476807], [-0.8607693910598755, -0.4533340632915497, 0.23143982887268066, 0.02197965793311596], [-0.003025069832801819, -0.45013493299484253, -0.892955482006073, 1.4153200387954712], [0.0, 0.0, 0.0, 1.0]]}], 'name': 'RightHandThumb1', 'tail': [-0.7702581882476807, 0.02197965793311596, 1.4153200387954712], 'connect': False, 'head': [-0.7383600473403931, 0.04048299416899681, 1.4333765506744385], 'rotation': [[0.5004738569259644, -0.776871383190155, 0.3820950984954834, -0.7383600473403931], [-0.8657463788986206, -0.45064422488212585, 0.2177225649356842, 0.04048299416899681], [0.0030464082956314087, -0.4397618770599365, -0.8981091976165771, 1.4333765506744385], [0.0, 0.0, 0.0, 1.0]]}, {'children': [{'children': [{'children': [{'children': [], 'name': 'RightHandIndex4', 'tail': [-0.9262895584106445, 0.03509524464607239, 1.4483083486557007], 'connect': True, 'head': [-0.9002065062522888, 0.035092588514089584, 1.4482882022857666], 'rotation': [[-0.00010266925528412685, -1.0, -0.0007723018061369658, -0.9002065062522888], [-0.9999996423721313, 0.00010183364065596834, 0.000889607414137572, 0.035092588514089584], [-0.0008895283099263906, 0.0007723932503722608, -0.9999992847442627, 1.4482882022857666], [0.0, 0.0, 0.0, 1.0]]}], 'name': 'RightHandIndex3', 'tail': [-0.9002065062522888, 0.035092588514089584, 1.4482882022857666], 'connect': True, 'head': [-0.8741235136985779, 0.03511950373649597, 1.4482685327529907], 'rotation': [[0.001030435785651207, -0.9999991655349731, -0.000756198656745255, -0.8741235136985779], [-0.9999974370002747, -0.0010319064604118466, 0.0020226486958563328, 0.03511950373649597], [-0.0020234272815287113, 0.0007541126688010991, -0.9999976754188538, 1.4482685327529907], [0.0, 0.0, 0.0, 1.0]]}], 'name': 'RightHandIndex2', 'tail': [-0.8741235136985779, 0.03511950373649597, 1.4482685327529907], 'connect': True, 'head': [-0.8397672176361084, 0.03508538380265236, 1.4483178853988647], 'rotation': [[-0.0009931997628882527, -0.9999986886978149, 0.0014364923117682338, -0.8397672176361084], [-0.9999995231628418, 0.0009931187378242612, -1.0631047189235687e-06, 0.03508538380265236], [-3.6368146538734436e-07, -0.0014364931266754866, -0.9999989867210388, 1.4483178853988647], [0.0, 0.0, 0.0, 1.0]]}], 'name': 'RightHandIndex1', 'tail': [-0.8397672176361084, 0.03508538380265236, 1.4483178853988647], 'connect': False, 'head': [-0.7990067005157471, 0.03508085384964943, 1.4481980800628662], 'rotation': [[-0.00011380479554645717, -0.9999958276748657, -0.002939137862995267, -0.7990067005157471], [-0.9999996423721313, 0.00011113534128526226, 0.0008786767721176147, 0.03508085384964943], [-0.0008783461526036263, 0.002939237281680107, -0.999995231628418, 1.4481980800628662], [0.0, 0.0, 0.0, 1.0]]}, {'children': [{'children': [{'children': [{'children': [], 'name': 'RightHandRing4', 'tail': [-0.9270276427268982, 0.08172523975372314, 1.4506536722183228], 'connect': True, 'head': [-0.8942925930023193, 0.08170799911022186, 1.4506170749664307], 'rotation': [[-0.0005274396389722824, -0.999998927116394, -0.0011175660183653235, -0.8942925930023193], [-0.999999463558197, 0.0005266716470941901, 0.0007914369343779981, 0.08170799911022186], [-0.0007908479310572147, 0.0011179824359714985, -0.9999990463256836, 1.4506170749664307], [0.0, 0.0, 0.0, 1.0]]}], 'name': 'RightHandRing3', 'tail': [-0.8942925930023193, 0.08170799911022186, 1.4506170749664307], 'connect': True, 'head': [-0.86155766248703, 0.0817098394036293, 1.4505805969238281], 'rotation': [[5.458865416585468e-05, -0.9999995827674866, -0.0011144215241074562, -0.86155766248703], [-0.9999990463256836, -5.621801392408088e-05, 0.0013736572582274675, 0.0817098394036293], [-0.0013737187255173922, 0.001114345621317625, -0.9999983906745911, 1.4505805969238281], [0.0, 0.0, 0.0, 1.0]]}], 'name': 'RightHandRing2', 'tail': [-0.86155766248703, 0.0817098394036293, 1.4505805969238281], 'connect': True, 'head': [-0.8349994421005249, 0.08168499171733856, 1.4506441354751587], 'rotation': [[-0.0009346437873318791, -0.999996542930603, 0.002392775844782591, -0.8349994421005249], [-0.999999463558197, 0.0009355897200293839, 0.0003826841711997986, 0.08168499171733856], [-0.0003849209751933813, -0.0023924168199300766, -0.9999970197677612, 1.4506441354751587], [0.0, 0.0, 0.0, 1.0]]}], 'name': 'RightHandRing1', 'tail': [-0.8349994421005249, 0.08168499171733856, 1.4506441354751587], 'connect': False, 'head': [-0.7990544438362122, 0.08166934549808502, 1.4505422115325928], 'rotation': [[-0.00043781634303741157, -0.9999958872795105, -0.0028351559303700924, -0.7990544438362122], [-0.9999995827674866, 0.000435280438978225, 0.000881792395375669, 0.08166934549808502], [-0.0008805547840893269, 0.002835541497915983, -0.9999955892562866, 1.4505422115325928], [0.0, 0.0, 0.0, 1.0]]}, {'children': [{'children': [{'children': [{'children': [], 'name': 'RightHandPinky4', 'tail': [-0.9013345241546631, 0.10377659648656845, 1.4482470750808716], 'connect': True, 'head': [-0.8797425627708435, 0.10380885750055313, 1.4482293128967285], 'rotation': [[0.0014922978589311242, -0.9999986886978149, -0.0008259056485258043, -0.8797425627708435], [-0.9999964833259583, -0.0014941197587177157, 0.0021941596642136574, 0.10380885750055313], [-0.0021953906398266554, 0.0008226283825933933, -0.9999972581863403, 1.4482293128967285], [0.0, 0.0, 0.0, 1.0]]}], 'name': 'RightHandPinky3', 'tail': [-0.8797425627708435, 0.10380885750055313, 1.4482293128967285], 'connect': True, 'head': [-0.8581507802009583, 0.10374178737401962, 1.448211908340454], 'rotation': [[-0.003104277653619647, -0.999994695186615, -0.0008135332609526813, -0.8581507802009583], [-0.9999922513961792, 0.0031062636990100145, -0.0024024629965424538, 0.10374178737401962], [0.002404977334663272, 0.000806068885140121, -0.9999967813491821, 1.448211908340454], [0.0, 0.0, 0.0, 1.0]]}], 'name': 'RightHandPinky2', 'tail': [-0.8581507802009583, 0.10374178737401962, 1.448211908340454], 'connect': True, 'head': [-0.8375004529953003, 0.10378771275281906, 1.4482592344284058], 'rotation': [[0.0022306046448647976, -0.9999951124191284, 0.002285245107486844, -0.8375004529953003], [-0.9999932646751404, -0.002223943592980504, 0.002933064242824912, 0.10378771275281906], [-0.002927967347204685, -0.002291772747412324, -0.9999931454658508, 1.4482592344284058], [0.0, 0.0, 0.0, 1.0]]}], 'name': 'RightHandPinky1', 'tail': [-0.8375004529953003, 0.10378771275281906, 1.4482592344284058], 'connect': False, 'head': [-0.7990755438804626, 0.10379445552825928, 1.4481968879699707], 'rotation': [[0.00017405039397999644, -0.9999988079071045, -0.0016227038577198982, -0.7990755438804626], [-0.9999995827674866, -0.00017547907191328704, 0.0008756736642681062, 0.10379445552825928], [-0.0008759573684073985, 0.0016225514700636268, -0.9999983310699463, 1.4481968879699707], [0.0, 0.0, 0.0, 1.0]]}], 'name': 'RightHand', 'tail': [-0.79134202003479, 0.06830758601427078, 1.4497016668319702], 'connect': True, 'head': [-0.7033869028091431, 0.06077232211828232, 1.4503638744354248], 'rotation': [[-0.08534754067659378, -0.9963222146034241, 0.007603894919157028, -0.7033869028091431], [-0.9963500499725342, 0.08535661548376083, 0.0008776523172855377, 0.06077232211828232], [-0.0015234677121043205, -0.007501235697418451, -0.9999706745147705, 1.4503638744354248], [0.0, 0.0, 0.0, 1.0]]}], 'name': 'RightForeArm', 'tail': [-0.7033869028091431, 0.06077232211828232, 1.4503638744354248], 'connect': True, 'head': [-0.4188024699687958, 0.06050628423690796, 1.451833724975586], 'rotation': [[-4.712757436209358e-05, -0.9999860525131226, 0.005248535890132189, -0.4188024699687958], [-0.9855756759643555, 0.0009348161402158439, 0.1692325472831726, 0.06050628423690796], [-0.16923511028289795, -0.005164829082787037, -0.9855622053146362, 1.451833724975586], [0.0, 0.0, 0.0, 1.0]]}], 'name': 'RightArm', 'tail': [-0.4188024699687958, 0.06050628423690796, 1.451833724975586], 'connect': True, 'head': [-0.15530553460121155, 0.05009734630584717, 1.4526951313018799], 'rotation': [[-0.03871116787195206, -0.9992151260375977, 0.008375889621675014, -0.15530553460121155], [-0.9907305836677551, 0.0394720658659935, 0.1299799084663391, 0.05009734630584717], [-0.13020852208137512, -0.003266566898673773, -0.9914813041687012, 1.4526951313018799], [0.0, 0.0, 0.0, 1.0]]}], 'name': 'RightShoulder', 'tail': [-0.15530553460121155, 0.05009734630584717, 1.4526951313018799], 'connect': False, 'head': [-0.04024668037891388, 0.031186003237962723, 1.4535115957260132], 'rotation': [[-0.15841631591320038, -0.9867361783981323, 0.03544573485851288, -0.04024668037891388], [-0.9714482426643372, 0.1621822565793991, 0.1731625497341156, 0.031186003237962723], [-0.1766144037246704, -0.007001935970038176, -0.9842551946640015, 1.4535115957260132], [0.0, 0.0, 0.0, 1.0]]}], 'name': 'Spine2', 'tail': [7.578842541988706e-06, 0.040978532284498215, 1.4823189973831177], 'connect': True, 'head': [-9.675961791799637e-07, 0.010883210226893425, 1.3444349765777588], 'rotation': [[1.0, 6.0557129472726956e-05, 1.2933777725265827e-05, -9.675961791799637e-07], [-2.772283664853603e-07, 0.21324510872364044, -0.9769987463951111, 0.010883210226893425], [-6.192229920998216e-05, 0.9769987463951111, 0.21324509382247925, 1.3444349765777588], [0.0, 0.0, 0.0, 1.0]]}], 'name': 'Spine1', 'tail': [-9.675961791799637e-07, 0.010883210226893425, 1.3444349765777588], 'connect': True, 'head': [-9.606525281924405e-07, 0.010881250724196434, 1.2314720153808594], 'rotation': [[1.0, -6.146838416043465e-08, 6.401895461749518e-06, -9.606525281924405e-07], [6.40189637124422e-06, 1.734641773509793e-05, -1.0, 0.010881250724196434], [6.135732633083535e-08, 1.0, 1.7404556274414062e-05, 1.2314720153808594], [0.0, 0.0, 0.0, 1.0]]}], 'name': 'Spine', 'tail': [-9.606525281924405e-07, 0.010881250724196434, 1.2314720153808594], 'connect': True, 'head': [-9.678368542154203e-07, 0.010872223414480686, 1.1188302040100098], 'rotation': [[1.0, 6.378027705977729e-08, 3.250560439482797e-06, -9.678368542154203e-07], [3.2505552098882617e-06, 8.014172635739669e-05, -1.0, 0.010872223414480686], [-6.404078334298902e-08, 1.0, 8.0108642578125e-05, 1.1188302040100098], [0.0, 0.0, 0.0, 1.0]]}, {'children': [{'children': [{'children': [{'children': [{'children': [], 'name': 'RightToe_End', 'tail': [-0.061402808874845505, -0.4015699625015259, 0.02191568911075592], 'connect': True, 'head': [-0.06562206894159317, -0.2693958580493927, 0.019549820572137833], 'rotation': [[-0.9979749321937561, 0.03190062940120697, -0.05636069178581238, -0.06562206894159317], [-0.03285205736756325, -0.9993310570716858, 0.016071761026978493, -0.2693958580493927], [-0.055734992027282715, 0.0178876630961895, 0.9983031749725342, 0.019549820572137833], [0.0, 0.0, 0.0, 1.0]]}], 'name': 'RightToeBase', 'tail': [-0.06562206894159317, -0.2693958580493927, 0.019549820572137833], 'connect': True, 'head': [-0.07072166353464127, -0.11264707148075104, -0.007827977649867535], 'rotation': [[-0.9976524710655212, 0.03203194960951805, -0.0605335533618927, -0.07072166353464127], [-0.04191621392965317, -0.9845818877220154, 0.169830784201622, -0.11264707148075104], [-0.054157912731170654, 0.17196740210056305, 0.9836180806159973, -0.007827977649867535], [0.0, 0.0, 0.0, 1.0]]}], 'name': 'RightFoot', 'tail': [-0.07072166353464127, -0.11264707148075104, -0.007827977649867535], 'connect': True, 'head': [-0.08189903944730759, 0.02522870898246765, 0.1303359568119049], 'rotation': [[-0.9976131319999695, 0.05717054009437561, 0.03872404992580414, -0.08189903944730759], [-0.06780852377414703, -0.7052130699157715, -0.7057458162307739, 0.02522870898246765], [-0.013039164245128632, -0.7066869139671326, 0.7074062824249268, 0.1303359568119049], [0.0, 0.0, 0.0, 1.0]]}], 'name': 'RightLeg', 'tail': [-0.08189903944730759, 0.02522870898246765, 0.1303359568119049], 'connect': True, 'head': [-0.07979878038167953, -0.0007914254092611372, 0.5649182200431824], 'rotation': [[-0.9996050000190735, -0.004824127070605755, -0.02768581733107567, -0.07979878038167953], [0.027348438277840614, 0.059766143560409546, -0.9978376626968384, -0.0007914254092611372], [0.0064683714881539345, -0.998200535774231, -0.0596105232834816, 0.5649182200431824], [0.0, 0.0, 0.0, 1.0]]}], 'name': 'RightUpLeg', 'tail': [-0.07979878038167953, -0.0007914254092611372, 0.5649182200431824], 'connect': False, 'head': [-0.08400874584913254, -0.0014776281313970685, 0.9458648562431335], 'rotation': [[-0.9999389052391052, 0.011050633154809475, 0.00045997489360161126, -0.08400874584913254], [-0.0004400970065034926, 0.0018011967185884714, -0.9999982714653015, -0.0014776281313970685], [-0.011051441542804241, -0.9999374747276306, -0.0017962317215278745, 0.9458648562431335], [0.0, 0.0, 0.0, 1.0]]}, {'children': [{'children': [{'children': [{'children': [{'children': [], 'name': 'LeftToe_End', 'tail': [0.06309222429990768, -0.4013778865337372, 0.02191903255879879], 'connect': True, 'head': [0.0669768676161766, -0.2692846655845642, 0.0195512305945158], 'rotation': [[-0.9980809688568115, -0.02939091995358467, 0.052845299243927, 0.0669768676161766], [0.03029515966773033, -0.9994073510169983, 0.016341086477041245, -0.2692846655845642], [0.0524328351020813, 0.01791461370885372, 0.9984378814697266, 0.0195512305945158], [0.0, 0.0, 0.0, 1.0]]}], 'name': 'LeftToeBase', 'tail': [0.0669768676161766, -0.2692846655845642, 0.0195512305945158], 'connect': True, 'head': [0.07165821641683578, -0.11262217164039612, -0.007837409153580666], 'rotation': [[-0.9979467391967773, -0.029422558844089508, 0.05689403414726257, 0.07165821641683578], [0.038737908005714417, -0.9846333265304565, 0.17028582096099854, -0.11262217164039612], [0.05100855231285095, 0.1721392720937729, 0.9837535619735718, -0.007837409153580666], [0.0, 0.0, 0.0, 1.0]]}], 'name': 'LeftFoot', 'tail': [0.07165821641683578, -0.11262217164039612, -0.007837409153580666], 'connect': True, 'head': [0.08211763948202133, 0.02530452236533165, 0.1303013265132904], 'rotation': [[-0.9978739619255066, -0.05350421369075775, -0.037214137613773346, 0.08211763948202133], [0.06415019929409027, -0.7055514454841614, -0.7057492136955261, 0.02530452236533165], [0.011504070833325386, -0.7066361308097839, 0.7074836492538452, 0.1303013265132904], [0.0, 0.0, 0.0, 1.0]]}], 'name': 'LeftLeg', 'tail': [0.08211763948202133, 0.02530452236533165, 0.1303013265132904], 'connect': True, 'head': [0.07996774464845657, -0.0002262219350086525, 0.5649942755699158], 'rotation': [[-0.9995899200439453, 0.004937209188938141, 0.028206301853060722, 0.07996774464845657], [-0.027868762612342834, 0.0586310550570488, -0.9978905916213989, -0.0002262219350086525], [-0.006580561399459839, -0.9982672929763794, -0.058469340205192566, 0.5649942755699158], [0.0, 0.0, 0.0, 1.0]]}], 'name': 'LeftUpLeg', 'tail': [0.07996774464845657, -0.0002262219350086525, 0.5649942755699158], 'connect': False, 'head': [0.08401412516832352, -0.0014040997484698892, 0.9458663463592529], 'rotation': [[-0.9999431371688843, -0.010623341426253319, -0.0009242681553587317, 0.08401412516832352], [0.0008914597565308213, 0.0030923925805836916, -0.9999948740005493, -0.0014040997484698892], [0.010626139119267464, -0.9999390244483948, -0.0030828227754682302, 0.9458663463592529], [0.0, 0.0, 0.0, 1.0]]}], 'name': 'Hips', 'tail': [-9.678368542154203e-07, 0.010872223414480686, 1.1188302040100098], 'connect': False, 'head': [-9.678368542154203e-07, 0.010872253216803074, 1.0080311298370361], 'rotation': [[1.0, 0.0, 0.0, -9.678368542154203e-07], [0.0, -2.6897626526078966e-07, -0.9999999403953552, 0.010872253216803074], [0.0, 0.9999999403953552, -2.384185791015625e-07, 1.0080311298370361], [0.0, 0.0, 0.0, 1.0]]}]
