# -*- coding: utf-8 -*-
# Avatar Skeleton based on High Fidelity Skeleton

from mathutils import Matrix, Vector, Euler
structure = [{'name': 'Hips', 'matrix': Matrix(((1.0, 0.0, 0.0, 0.0),
        (0.0, -1.6292085547320312e-07, -0.9999999403953552, -1.6526442436770594e-09),
        (0.0, 0.9999999403953552, -1.1920928955078125e-07, 1.040480136871338),
        (0.0, 0.0, 0.0, 1.0))), 'matrix_local': Matrix(((1.0, 0.0, -0.0, 0.0),
        (-0.0, -1.6292085547320312e-07, -0.9999999403953552, -1.6526442436770594e-09),
        (0.0, 0.9999999403953552, -1.1920928955078125e-07, 1.040480136871338),
        (0.0, 0.0, 0.0, 1.0))), 'head': Vector((0.0, -1.6526442436770594e-09, 1.040480136871338)), 'tail': Vector((0.0, -1.7915446903771226e-08, 1.1403003931045532)), 'connect': False, 'children': [{'name': 'Spine', 'matrix': Matrix(((1.0, -1.7116215458813001e-22, 3.383868860416034e-21, 0.0),
        (3.383868860416034e-21, -1.6292085547320312e-07, -1.0, -1.7915446903771226e-08),
        (1.711626973244328e-22, 1.0, -2.384185791015625e-07, 1.1403003931045532),
        (0.0, 0.0, 0.0, 1.0))), 'matrix_local': Matrix(((1.0, -1.7116215458813001e-22, 3.383868860416034e-21, 0.0),
        (3.383868658467642e-21, -1.629208412623484e-07, -0.9999999403953552, -1.7915445127414387e-08),
        (1.71162545863139e-22, 0.9999999403953552, -1.1920927533992653e-07, 1.1403003931045532),
        (0.0, 0.0, 0.0, 1.0))), 'head': Vector((0.0, -1.7915446903771226e-08, 1.1403003931045532)), 'tail': Vector((-1.748847197801083e-23, -3.456186448147491e-08, 1.2424752712249756)), 'connect': True, 'children': [{'name': 'Spine1', 'matrix': Matrix(((1.0, -1.937142223289199e-18, -2.370368763331956e-20, -1.748847197801083e-23),
        (-2.3704101223625838e-20, -1.629203580932881e-07, -1.0, -3.456186448147491e-08),
        (1.937142223289199e-18, 1.0, -2.384185791015625e-07, 1.2424752712249756),
        (0.0, 0.0, 0.0, 1.0))), 'matrix_local': Matrix(((1.0, -1.937142223289199e-18, -2.3703918662279708e-20, -1.748847197801083e-23),
        (-2.3704232086183683e-20, -1.6292034388243337e-07, -0.9999999403953552, -3.456186448147491e-08),
        (1.937142016494046e-18, 0.9999999403953552, -1.1920877085458415e-07, 1.2424752712249756),
        (0.0, 0.0, 0.0, 1.0))), 'head': Vector((-1.748847197801083e-23, -3.456186448147491e-08, 1.2424752712249756)), 'tail': Vector((-1.7478801972097693e-19, -4.926067020960545e-08, 1.3326960802078247)), 'connect': True, 'children': [{'name': 'Spine2', 'matrix': Matrix(((1.0, -5.309456457838008e-18, -2.369913813995052e-20, -1.7478801972097693e-19),
        (-2.3699965320563072e-20, -1.4091338584876212e-07, -1.0, -4.926067020960545e-08),
        (5.309456457838008e-18, 1.0, -1.1920928955078125e-07, 1.3326960802078247),
        (0.0, 0.0, 0.0, 1.0))), 'matrix_local': Matrix(((1.0, -5.309456457838008e-18, -2.369925446222416e-20, -1.7478801972097693e-19),
        (-2.3700000863480018e-20, -1.409133716379074e-07, -0.9999999403953552, -4.926067020960545e-08),
        (5.309455630657396e-18, 0.9999999403953552, -9.720179150463082e-08, 1.3326960802078247),
        (0.0, 0.0, 0.0, 1.0))), 'head': Vector((-1.7478801972097693e-19, -4.926067020960545e-08, 1.3326960802078247)), 'tail': Vector((-9.939230600460076e-19, -7.100057786146863e-08, 1.4869745969772339)), 'connect': True, 'children': [{'name': 'Neck', 'matrix': Matrix(((1.0, -1.2068192905873025e-17, -5.0631725294370824e-21, -9.939230600460076e-19),
        (-5.0656540712747415e-21, -1.9584203414524382e-07, -1.0, -7.100057786146863e-08),
        (1.2068192905873025e-17, 1.0, -2.384185791015625e-07, 1.4869745969772339),
        (0.0, 0.0, 0.0, 1.0))), 'matrix_local': Matrix(((1.0, -1.2068192905873025e-17, -5.064211351964175e-21, -9.939230600460076e-19),
        (-5.066576571528194e-21, -1.958420199343891e-07, -0.9999999403953552, -7.100057786146863e-08),
        (1.20681912515118e-17, 0.9999999403953552, -1.5213043980111252e-07, 1.4869745969772339),
        (0.0, 0.0, 0.0, 1.0))), 'head': Vector((-9.939230600460076e-19, -7.100057786146863e-08, 1.4869745969772339)), 'tail': Vector((-2.238554430794334e-18, -9.119839461391166e-08, 1.590107798576355)), 'connect': True, 'children': [{'name': 'Head', 'matrix': Matrix(((1.0, -1.3263367561387112e-18, 2.034502415362456e-20, -2.238554430794334e-18),
        (2.0344817358471423e-20, -1.1397256827194724e-07, -1.0, -9.119839461391166e-08),
        (1.3263368595362878e-18, 1.0, -1.1920928955078125e-07, 1.590107798576355),
        (0.0, 0.0, 0.0, 1.0))), 'matrix_local': Matrix(((1.0, -1.3263353085726392e-18, 2.0344959530139206e-20, -2.238554430794334e-18),
        (2.0344806049361486e-20, -1.1397253985023781e-07, -0.9999999403953552, -9.119839461391166e-08),
        (1.3263344813920267e-18, 0.9999999403953552, -7.026095971696122e-08, 1.590107798576355),
        (0.0, 0.0, 0.0, 1.0))), 'head': Vector((-2.238554430794334e-18, -9.119839461391166e-08, 1.590107798576355)), 'tail': Vector((-2.4928862061699415e-18, -1.1305321123700196e-07, 1.7818628549575806)), 'connect': True, 'children': [{'name': 'HeadTop_End', 'matrix': Matrix(((1.0, -1.0742480877891944e-18, 2.0338820299030414e-20, -2.9165293211488736e-17),
        (2.0338510106300706e-20, -2.855617253771925e-07, -0.9999999403953552, -1.2025815010474616e-07),
        (1.0742479843916179e-18, 0.9999999403953552, -2.384185791015625e-07, 1.8260865211486816),
        (0.0, 0.0, 0.0, 1.0))), 'matrix_local': Matrix(((1.0, -1.0742448824643208e-18, 2.033882353020468e-20, -2.9165293211488736e-17),
        (2.0338514953062108e-20, -2.8556169695548306e-07, -0.9999999403953552, -1.2025813589389145e-07),
        (1.0742441586812848e-18, 0.9999998807907104, -2.418501310330612e-07, 1.8260865211486816),
        (0.0, 0.0, 0.0, 1.0))), 'head': Vector((-2.9165293211488736e-17, -1.2025815010474616e-07, 1.8260865211486816)), 'tail': Vector((-2.9247508346931606e-17, -1.4211296672783646e-07, 1.9026192426681519)), 'connect': False, 'children': []}, {'name': 'RightEye', 'matrix': Matrix(((1.0, 0.0, 4.5755337255831604e-20, -0.030779745429754257),
        (4.5755337255831604e-20, -2.2216633510652173e-07, -1.0, -0.08732432126998901),
        (1.016529552104498e-26, 1.0, -2.384185791015625e-07, 1.6532294750213623),
        (0.0, 0.0, 0.0, 1.0))), 'matrix_local': Matrix(((1.0, -1.3263353085726392e-18, 4.5755334024657337e-20, -0.030779745429754257),
        (4.575503352545043e-20, -2.2505570029807132e-07, -0.9999999403953552, -0.08732431381940842),
        (1.3263344813920267e-18, 0.9999999403953552, -1.8134412016479473e-07, 1.6532294750213623),
        (0.0, 0.0, 0.0, 1.0))), 'head': Vector((-0.030779745429754257, -0.08732432126998901, 1.6532294750213623)), 'tail': Vector((-0.030779745429754257, -0.0873243510723114, 1.787373661994934)), 'connect': False, 'children': []}, {'name': 'LeftEye', 'matrix': Matrix(((1.0, 0.0, 4.5755337255831604e-20, 0.030583487823605537),
        (4.5755337255831604e-20, -1.1108316755326086e-07, -1.0, -0.08732432126998901),
        (5.08264776052249e-27, 1.0, -1.1920928955078125e-07, 1.6532294750213623),
        (0.0, 0.0, 0.0, 1.0))), 'matrix_local': Matrix(((1.0, -1.3263353085726392e-18, 4.5755334024657337e-20, 0.030583487823605537),
        (4.575517892829248e-20, -1.1397253985023781e-07, -0.9999999403953552, -0.08732431381940842),
        (1.3263344813920267e-18, 0.9999999403953552, -7.026095971696122e-08, 1.6532294750213623),
        (0.0, 0.0, 0.0, 1.0))), 'head': Vector((0.030583487823605537, -0.08732432126998901, 1.6532294750213623)), 'tail': Vector((0.030583487823605537, -0.08732433617115021, 1.787373661994934)), 'connect': False, 'children': []}]}]}, {'name': 'LeftShoulder', 'matrix': Matrix(((-8.74231389502711e-08, 1.0, -1.7021913121650217e-14, 0.05090726166963577),
        (1.0, 4.371156947513555e-08, 3.8941436741879443e-07, -6.692039278277662e-08),
        (3.8941436741879443e-07, 0.0, -1.0, 1.441091537475586),
        (0.0, 0.0, 0.0, 1.0))), 'matrix_local': Matrix(((-4.3711573027849226e-08, 0.9999999403953552, -1.0652831833888113e-14, 0.05090726166963577),
        (0.9999999403953552, 4.371156592242187e-08, 3.793317659983586e-07, -6.692039278277662e-08),
        (3.3562020007593674e-07, 4.254152673850101e-15, -0.9999999403953552, 1.441091537475586),
        (0.0, 0.0, 0.0, 1.0))), 'head': Vector((0.05090726166963577, -6.692039278277662e-08, 1.441091537475586)), 'tail': Vector((0.146309033036232, -6.27502316774553e-08, 1.441091537475586)), 'connect': False, 'children': [{'name': 'LeftArm', 'matrix': Matrix(((0.003941589966416359, 0.9999920129776001, 1.534854798812546e-09, 0.146309033036232),
        (0.9999921917915344, -0.003941443283110857, 3.894113262958854e-07, -6.27502316774553e-08),
        (3.89414338997085e-07, 0.0, -1.0, 1.441091537475586),
        (0.0, 0.0, 0.0, 1.0))), 'matrix_local': Matrix(((0.003941443283110857, 0.9999921321868896, 1.3625690575835847e-09, 0.1463090181350708),
        (0.9999921917915344, -0.003941443283110857, 3.8941197999520227e-07, -6.27502316774553e-08),
        (3.457031141351763e-07, -1.1102230246251565e-16, -0.9999999403953552, 1.441091537475586),
        (0.0, 0.0, 0.0, 1.0))), 'head': Vector((0.146309033036232, -6.27502316774553e-08, 1.441091537475586)), 'tail': Vector((0.4043945074081421, -0.0010173001792281866, 1.441091537475586)), 'connect': True, 'children': [{'name': 'LeftForeArm', 'matrix': Matrix(((-8.968043374579793e-08, 1.0, -1.7461424965453318e-14, 0.4043945074081421),
        (1.0, 4.4840216872898964e-08, 3.8941436741879443e-07, -0.0010173001792281866),
        (3.8941436741879443e-07, 0.0, -1.0, 1.441091537475586),
        (0.0, 0.0, 0.0, 1.0))), 'matrix_local': Matrix(((-4.423782229423523e-08, 1.0, -1.5432100042289676e-14, 0.4043945372104645),
        (1.0, 4.423782229423523e-08, 3.89414338997085e-07, -0.0010173001792281866),
        (3.4570280149637256e-07, 0.0, -0.9999999403953552, 1.441091537475586),
        (0.0, 0.0, 0.0, 1.0))), 'head': Vector((0.4043945074081421, -0.0010173001792281866, 1.441091537475586)), 'tail': Vector((0.658824622631073, -0.0010172887705266476, 1.441091537475586)), 'connect': True, 'children': [{'name': 'LeftHand', 'matrix': Matrix(((0.09745336323976517, 0.9952397346496582, 1.4715022089717422e-08, 0.658824622631073),
        (0.9952399730682373, -0.09745315462350845, 1.5027707434001059e-07, -0.0010172887705266476),
        (1.509957741063772e-07, 0.0, -1.0, 1.441091537475586),
        (0.0, 0.0, 0.0, 1.0))), 'matrix_local': Matrix(((0.09745317697525024, 0.9952400326728821, 1.0475466716286519e-08, 0.6588246822357178),
        (0.9952400922775269, -0.09745317697525024, 1.5069215919538692e-07, -0.0010172888869419694),
        (1.0749231194040476e-07, 3.552713678800501e-15, -0.9999999403953552, 1.441091537475586),
        (0.0, 0.0, 0.0, 1.0))), 'head': Vector((0.658824622631073, -0.0010172887705266476, 1.441091537475586)), 'tail': Vector((0.7342926859855652, -0.008407066576182842, 1.441091537475586)), 'connect': True, 'children': [{'name': 'LeftHandMiddle1', 'matrix': Matrix(((0.040334489196538925, 0.9991864562034607, 6.09035444298911e-09, 0.7473061084747314),
        (0.9991862773895264, -0.04033460468053818, 1.50872935478219e-07, -0.009681333787739277),
        (1.5099581673894136e-07, 0.0, -1.0, 1.441091537475586),
        (0.0, 0.0, 0.0, 1.0))), 'matrix_local': Matrix(((0.040334589779376984, 0.9991861581802368, 4.328699176880946e-09, 0.7473061680793762),
        (0.9991862177848816, -0.040334586054086685, 1.5094403238435916e-07, -0.009681334719061852),
        (1.0731986321843578e-07, 8.881784197001252e-16, -0.9999999403953552, 1.441091537475586),
        (0.0, 0.0, 0.0, 1.0))), 'head': Vector((0.7473061084747314, -0.009681333787739277, 1.441091537475586)), 'tail': Vector((0.7813251614570618, -0.011054595932364464, 1.441091537475586)), 'connect': False, 'children': [{'name': 'LeftHandMiddle2', 'matrix': Matrix(((0.027804479002952576, 0.9996135830879211, 4.198370096020199e-09, 0.7813251614570618),
        (0.9996134042739868, -0.027804549783468246, 1.509374243369166e-07, -0.011054595932364464),
        (1.5099580252808664e-07, 0.0, -1.0, 1.441091537475586),
        (0.0, 0.0, 0.0, 1.0))), 'matrix_local': Matrix(((0.027804549783468246, 0.9996132850646973, 2.9834565928865686e-09, 0.7813252210617065),
        (0.999613344669342, -0.0278045441955328, 1.509711893277199e-07, -0.011054596863687038),
        (1.073011759444853e-07, 4.440892098500626e-16, -0.9999999403953552, 1.441091537475586),
        (0.0, 0.0, 0.0, 1.0))), 'head': Vector((0.7813251614570618, -0.011054595932364464, 1.441091537475586)), 'tail': Vector((0.8080945611000061, -0.011799194850027561, 1.441091537475586)), 'connect': True, 'children': [{'name': 'LeftHandMiddle3', 'matrix': Matrix(((0.042452313005924225, 0.9990988373756409, 6.4101413066453006e-09, 0.8080945611000061),
        (0.9990985989570618, -0.04245245084166527, 1.5085969096162444e-07, -0.011799194850027561),
        (1.5099581673894136e-07, 4.440892098500626e-16, -1.0, 1.441091537475586),
        (0.0, 0.0, 0.0, 1.0))), 'matrix_local': Matrix(((0.04245244711637497, 0.9990984201431274, 4.556148791579062e-09, 0.8080946207046509),
        (0.9990984797477722, -0.04245243966579437, 1.509384475184561e-07, -0.011799195781350136),
        (1.0732370014920889e-07, -2.220446049250313e-16, -0.9999999403953552, 1.441091537475586),
        (0.0, 0.0, 0.0, 1.0))), 'head': Vector((0.8080945611000061, -0.011799194850027561, 1.441091537475586)), 'tail': Vector((0.8343757390975952, -0.012915901839733124, 1.441091537475586)), 'connect': True, 'children': [{'name': 'LeftHandMiddle4', 'matrix': Matrix(((0.05820721387863159, 0.9983046054840088, -8.789039718237746e-09, 0.8343757390975952),
        (0.998304545879364, -0.0582071915268898, -1.5073979398039228e-07, -0.012915901839733124),
        (-1.5099581673894136e-07, -8.881784197001252e-16, -1.0, 1.441091537475586),
        (0.0, 0.0, 0.0, 1.0))), 'matrix_local': Matrix(((0.058207184076309204, 0.9983044862747192, -1.1329056803788262e-08, 0.83437579870224),
        (0.998304545879364, -0.05820717662572861, -1.505917310851146e-07, -0.012915902771055698),
        (-1.946332304214593e-07, -4.440892098500626e-16, -0.9999999403953552, 1.441091537475586),
        (0.0, 0.0, 0.0, 1.0))), 'head': Vector((0.8343757390975952, -0.012915901839733124, 1.441091537475586)), 'tail': Vector((0.8606361746788025, -0.014447043649852276, 1.441091537475586)), 'connect': True, 'children': []}]}]}]}, {'name': 'LeftHandThumb1', 'matrix': Matrix(((0.6914936304092407, 0.7223829030990601, 4.3414249262241356e-07, 0.6775355935096741),
        (0.7223831415176392, -0.6914938688278198, 4.535356481483177e-07, -0.030557725578546524),
        (6.278332875808701e-07, 0.0, -1.0, 1.441091537475586),
        (0.0, 0.0, 0.0, 1.0))), 'matrix_local': Matrix(((0.6914935111999512, 0.7223825454711914, 4.123074290873774e-07, 0.6775356531143188),
        (0.7223826050758362, -0.6914935111999512, 4.7443680273318023e-07, -0.030557727441191673),
        (5.962563704997592e-07, -2.1316282072803006e-14, -0.9999999403953552, 1.441091537475586),
        (0.0, 0.0, 0.0, 1.0))), 'head': Vector((0.6775355935096741, -0.030557725578546524, 1.441091537475586)), 'tail': Vector((0.7022569179534912, -0.05422196909785271, 1.441091537475586)), 'connect': False, 'children': [{'name': 'LeftHandThumb2', 'matrix': Matrix(((0.49642127752304077, 0.8680815696716309, 4.3002563643312897e-07, 0.7022569179534912),
        (0.8680816292762756, -0.4964211583137512, 7.519771543229581e-07, -0.05422196909785271),
        (8.662514687785006e-07, 0.0, -1.0, 1.441091537475586),
        (0.0, 0.0, 0.0, 1.0))), 'matrix_local': Matrix(((0.496421217918396, 0.8680816888809204, 4.111888642910344e-07, 0.702256977558136),
        (0.8680817484855652, -0.4964211881160736, 7.627490958839189e-07, -0.05422196909785271),
        (8.283062697955756e-07, 5.684341886080802e-14, -0.9999999403953552, 1.441091537475586),
        (0.0, 0.0, 0.0, 1.0))), 'head': Vector((0.7022569179534912, -0.05422196909785271, 1.441091537475586)), 'tail': Vector((0.7269055843353271, -0.06831755489110947, 1.441091537475586)), 'connect': True, 'children': [{'name': 'LeftHandThumb3', 'matrix': Matrix(((0.6960772275924683, 0.7179668545722961, -7.689357062190538e-07, 0.7269055843353271),
        (0.7179667949676514, -0.6960772275924683, -7.931166123853473e-07, -0.06831755489110947),
        (-1.1046699910366442e-06, 0.0, -1.0, 1.441091537475586),
        (0.0, 0.0, 0.0, 1.0))), 'matrix_local': Matrix(((0.6960771679878235, 0.7179667949676514, -7.907810299911944e-07, 0.7269056439399719),
        (0.7179669141769409, -0.6960771679878235, -7.719374934822554e-07, -0.06831755489110947),
        (-1.1360535836502095e-06, 7.105427357601002e-14, -0.9999999403953552, 1.441091537475586),
        (0.0, 0.0, 0.0, 1.0))), 'head': Vector((0.7269055843353271, -0.06831755489110947, 1.441091537475586)), 'tail': Vector((0.7420670390129089, -0.0830167606472969, 1.441091537475586)), 'connect': True, 'children': [{'name': 'LeftHandThumb4', 'matrix': Matrix(((0.05820782855153084, 0.9983047842979431, 3.654488267557099e-08, 0.7420670390129089),
        (0.9983046054840088, -0.058207981288433075, 6.267684966587694e-07, -0.0830167606472969),
        (6.278330602071946e-07, 0.0, -1.0, 1.441091537475586),
        (0.0, 0.0, 0.0, 1.0))), 'matrix_local': Matrix(((0.058207929134368896, 0.9983044266700745, 3.400481318749371e-08, 0.7420670986175537),
        (0.9983044266700745, -0.05820789933204651, 6.26916516921483e-07, -0.0830167606472969),
        (5.841955044161296e-07, -5.684341886080802e-14, -0.9999999403953552, 1.441091537475586),
        (0.0, 0.0, 0.0, 1.0))), 'head': Vector((0.7420670390129089, -0.0830167606472969, 1.441091537475586)), 'tail': Vector((0.763148307800293, -0.0842459425330162, 1.441091537475586)), 'connect': True, 'children': []}]}]}]}, {'name': 'LeftHandIndex1', 'matrix': Matrix(((0.1369844526052475, 0.9905723929405212, 0.0012609432451426983, 0.7413321733474731),
        (0.9905731678009033, -0.13698458671569824, 4.461035132408142e-07, -0.031078021973371506),
        (0.00017317186575382948, 0.0012489958899095654, -0.9999992847442627, 1.441049575805664),
        (0.0, 0.0, 0.0, 1.0))), 'matrix_local': Matrix(((0.13698437809944153, 0.9905722737312317, 0.0012609373079612851, 0.7413322329521179),
        (0.9905731678009033, -0.13698449730873108, 4.469690395580983e-07, -0.031078023836016655),
        (0.00017312829731963575, 0.0012489954242482781, -0.9999991655349731, 1.441049575805664),
        (0.0, 0.0, 0.0, 1.0))), 'head': Vector((0.7413321733474731, -0.031078021973371506, 1.441049575805664)), 'tail': Vector((0.77461177110672, -0.03568020090460777, 1.441091537475586)), 'connect': False, 'children': [{'name': 'LeftHandIndex2', 'matrix': Matrix(((0.15305058658123016, 0.9882180094718933, 2.3109965496814766e-08, 0.77461177110672),
        (0.9882182478904724, -0.15305034816265106, 1.4921681668056408e-07, -0.03568020090460777),
        (1.509957741063772e-07, 0.0, -1.0, 1.441091537475586),
        (0.0, 0.0, 0.0, 1.0))), 'matrix_local': Matrix(((0.15305034816265106, 0.9882182478904724, 1.641456037759781e-08, 0.7746118307113647),
        (0.988218367099762, -0.15305036306381226, 1.502260431607283e-07, -0.03568020090460777),
        (1.0771327652037144e-07, -2.3283064365386963e-10, -1.0, 1.441091537475586),
        (0.0, 0.0, 0.0, 1.0))), 'head': Vector((0.77461177110672, -0.03568020090460777, 1.441091537475586)), 'tail': Vector((0.8000762462615967, -0.039624013006687164, 1.441091537475586)), 'connect': True, 'children': [{'name': 'LeftHandIndex3', 'matrix': Matrix(((0.10736717283725739, 0.9942193627357483, -1.6211982867275765e-08, 0.8000762462615967),
        (0.9942194223403931, -0.10736709833145142, -1.5012295762062422e-07, -0.039624013006687164),
        (-1.5099578831723193e-07, 0.0, -1.0, 1.441091537475586),
        (0.0, 0.0, 0.0, 1.0))), 'matrix_local': Matrix(((0.10736708343029022, 0.9942193031311035, -2.072446747547474e-08, 0.8000763058662415),
        (0.9942194223403931, -0.10736709833145142, -1.4963561056902108e-07, -0.039624013006687164),
        (-1.9450615695859597e-07, -4.440892098500626e-16, -1.0, 1.441091537475586),
        (0.0, 0.0, 0.0, 1.0))), 'head': Vector((0.8000762462615967, -0.039624013006687164, 1.441091537475586)), 'tail': Vector((0.8216496109962463, -0.04195374995470047, 1.441091537475586)), 'connect': True, 'children': [{'name': 'LeftHandIndex4', 'matrix': Matrix(((0.05820789933204651, 0.9983041286468506, 2.2666915455715753e-08, 0.8216496109962463),
        (0.9983044266700745, -0.058207690715789795, 3.887540742653073e-07, -0.04195374995470047),
        (3.8941431057537557e-07, -1.7763568394002505e-15, -1.0, 1.441091537475586),
        (0.0, 0.0, 0.0, 1.0))), 'matrix_local': Matrix(((0.0582076795399189, 0.9983043670654297, 2.0283412283106372e-08, 0.8216496706008911),
        (0.9983044862747192, -0.058207690715789795, 3.888930848461314e-07, -0.04195374995470047),
        (3.457331274603348e-07, -3.552713678800501e-15, -1.0, 1.441091537475586),
        (0.0, 0.0, 0.0, 1.0))), 'head': Vector((0.8216496109962463, -0.04195374995470047, 1.441091537475586)), 'tail': Vector((0.8433114290237427, -0.043216776102781296, 1.441091537475586)), 'connect': True, 'children': []}]}]}]}, {'name': 'LeftHandRing1', 'matrix': Matrix(((-0.07601149380207062, 0.9971070289611816, -1.1477415462479712e-08, 0.7444504499435425),
        (0.9971069693565369, 0.07601148635149002, 1.5055896085414133e-07, 0.007913036271929741),
        (1.5099580252808664e-07, 8.881784197001252e-16, -1.0, 1.441091537475586),
        (0.0, 0.0, 0.0, 1.0))), 'matrix_local': Matrix(((-0.07601147890090942, 0.9971069097518921, -8.164451337222545e-09, 0.7444505095481873),
        (0.9971069693565369, 0.07601147890090942, 1.508115019532852e-07, 0.007913037203252316),
        (1.0741075584519422e-07, 5.329070518200751e-15, -0.9999999403953552, 1.441091537475586),
        (0.0, 0.0, 0.0, 1.0))), 'head': Vector((0.7444504499435425, 0.007913036271929741, 1.441091537475586)), 'tail': Vector((0.7735791802406311, 0.010133578442037106, 1.441091537475586)), 'connect': False, 'children': [{'name': 'LeftHandRing2', 'matrix': Matrix(((-0.06414571404457092, 0.9979407787322998, -9.685718005414401e-09, 0.7735791802406311),
        (0.9979405403137207, 0.06414562463760376, 1.506848406052086e-07, 0.010133578442037106),
        (1.5099581673894136e-07, 0.0, -1.0, 1.441091537475586),
        (0.0, 0.0, 0.0, 1.0))), 'matrix_local': Matrix(((-0.06414560973644257, 0.9979405403137207, -6.887596715188238e-09, 0.7735792398452759),
        (0.9979405403137207, 0.06414561718702316, 1.5086467897162947e-07, 0.01013357937335968),
        (1.0737431210827708e-07, 4.440892098500626e-16, -0.9999999403953552, 1.441091537475586),
        (0.0, 0.0, 0.0, 1.0))), 'head': Vector((0.7735791802406311, 0.010133578442037106, 1.441091537475586)), 'tail': Vector((0.800628662109375, 0.011872264556586742, 1.441091537475586)), 'connect': True, 'children': [{'name': 'LeftHandRing3', 'matrix': Matrix(((-0.07620995491743088, 0.9970917105674744, -1.1507388819609332e-08, 0.800628662109375),
        (0.9970917701721191, 0.07620997726917267, 1.5055667290653219e-07, 0.011872264556586742),
        (1.5099580252808664e-07, -8.881784197001252e-16, -1.0, 1.441091537475586),
        (0.0, 0.0, 0.0, 1.0))), 'matrix_local': Matrix(((-0.07620998471975327, 0.9970918297767639, -8.185828015427887e-09, 0.8006287217140198),
        (0.9970918297767639, 0.07620999217033386, 1.5081052140430984e-07, 0.011872265487909317),
        (1.0741140243908376e-07, 3.3306690738754696e-16, -0.9999999403953552, 1.441091537475586),
        (0.0, 0.0, 0.0, 1.0))), 'head': Vector((0.800628662109375, 0.011872264556586742, 1.441091537475586)), 'tail': Vector((0.8247215151786804, 0.013713736087083817, 1.441091537475586)), 'connect': True, 'children': [{'name': 'LeftHandRing4', 'matrix': Matrix(((0.058207444846630096, 0.9983046650886536, 2.266680354523487e-08, 0.8247215151786804),
        (0.998304545879364, -0.0582074299454689, 3.8875413110872614e-07, 0.013713736087083817),
        (3.8941436741879443e-07, 0.0, -1.0, 1.441091537475586),
        (0.0, 0.0, 0.0, 1.0))), 'matrix_local': Matrix(((0.058207400143146515, 0.9983044862747192, 2.012676958429438e-08, 0.8247215747833252),
        (0.998304545879364, -0.058207400143146515, 3.8890220821485855e-07, 0.013713737018406391),
        (3.4577692531456705e-07, 8.881784197001252e-16, -0.9999999403953552, 1.441091537475586),
        (0.0, 0.0, 0.0, 1.0))), 'head': Vector((0.8247215151786804, 0.013713736087083817, 1.441091537475586)), 'tail': Vector((0.848843514919281, 0.012307272292673588, 1.441091537475586)), 'connect': True, 'children': []}]}]}]}, {'name': 'LeftHandPinky1', 'matrix': Matrix(((-0.22605285048484802, 0.9741151332855225, 8.802820872233497e-08, 0.7355246543884277),
        (0.9741150736808777, 0.22605282068252563, -3.7933440921733563e-07, 0.02615051157772541),
        (-3.8941436741879443e-07, 0.0, -1.0, 1.441091537475586),
        (0.0, 0.0, 0.0, 1.0))), 'matrix_local': Matrix(((-0.22605282068252563, 0.9741149544715881, 9.765354747059973e-08, 0.7355247139930725),
        (0.9741150140762329, 0.22605285048484802, -3.7710080391661904e-07, 0.02615051530301571),
        (-4.319943514019542e-07, -1.0658141036401503e-14, -0.9999999403953552, 1.441091537475586),
        (0.0, 0.0, 0.0, 1.0))), 'head': Vector((0.7355246543884277, 0.02615051157772541, 1.441091537475586)), 'tail': Vector((0.7680099606513977, 0.03368904069066048, 1.441091537475586)), 'connect': False, 'children': [{'name': 'LeftHandPinky2', 'matrix': Matrix(((-0.20788945257663727, 0.9781518578529358, -1.8008466895480524e-07, 0.7680099606513977),
        (0.9781522750854492, 0.20788951218128204, 8.473258503727266e-07, 0.03368904069066048),
        (8.662514119350817e-07, 0.0, -1.0, 1.441091537475586),
        (0.0, 0.0, 0.0, 1.0))), 'matrix_local': Matrix(((-0.20788954198360443, 0.9781522750854492, -1.711960635475407e-07, 0.7680100202560425),
        (0.9781522750854492, 0.207889586687088, 8.492153256156598e-07, 0.033689048141241074),
        (8.234952701968723e-07, 8.881784197001252e-15, -0.9999999403953552, 1.441091537475586),
        (0.0, 0.0, 0.0, 1.0))), 'head': Vector((0.7680099606513977, 0.03368904069066048, 1.441091537475586)), 'tail': Vector((0.7871306538581848, 0.03775281831622124, 1.441091537475586)), 'connect': True, 'children': [{'name': 'LeftHandPinky3', 'matrix': Matrix(((-0.2221234142780304, 0.975018322467804, -3.353971322894722e-08, 0.7871306538581848),
        (0.9750185608863831, 0.22212344408035278, 1.4722370167419285e-07, 0.03775281831622124),
        (1.5099578831723193e-07, 0.0, -1.0, 1.441091537475586),
        (0.0, 0.0, 0.0, 1.0))), 'matrix_local': Matrix(((-0.22212345898151398, 0.9750185012817383, -2.407290367045789e-08, 0.7871307134628296),
        (0.9750185012817383, 0.22212350368499756, 1.493802415097889e-07, 0.037752825766801834),
        (1.0837618447112618e-07, -7.105427357601002e-15, -0.9999999403953552, 1.441091537475586),
        (0.0, 0.0, 0.0, 1.0))), 'head': Vector((0.7871306538581848, 0.03775281831622124, 1.441091537475586)), 'tail': Vector((0.8051662445068359, 0.04186158999800682, 1.441091537475586)), 'connect': True, 'children': [{'name': 'LeftHandPinky4', 'matrix': Matrix(((0.058207664638757706, 0.9983040690422058, 2.2666824861516943e-08, 0.8051662445068359),
        (0.9983044266700745, -0.05820745229721069, 3.887540742653073e-07, 0.04186158999800682),
        (3.8941428215366614e-07, -1.7763568394002505e-15, -1.0, 1.441091537475586),
        (0.0, 0.0, 0.0, 1.0))), 'matrix_local': Matrix(((0.058207497000694275, 0.9983044862747192, 2.0126815769572204e-08, 0.8051663041114807),
        (0.9983044862747192, -0.05820746719837189, 3.889021797931491e-07, 0.04186159744858742),
        (3.457769537362765e-07, -3.552713678800501e-15, -0.9999999403953552, 1.441091537475586),
        (0.0, 0.0, 0.0, 1.0))), 'head': Vector((0.8051662445068359, 0.04186158999800682, 1.441091537475586)), 'tail': Vector((0.8236324787139893, 0.040784891694784164, 1.441091537475586)), 'connect': True, 'children': []}]}]}]}]}]}]}]}, {'name': 'RightShoulder', 'matrix': Matrix(((-8.74231389502711e-08, -1.0, 1.7021913121650217e-14, -0.05090726166963577),
        (-1.0, 4.371156947513555e-08, 3.8941436741879443e-07, -6.692039278277662e-08),
        (-3.8941436741879443e-07, 0.0, -1.0, 1.441091537475586),
        (0.0, 0.0, 0.0, 1.0))), 'matrix_local': Matrix(((-4.3711573027849226e-08, -0.9999999403953552, 1.0663450238914893e-14, -0.05090726166963577),
        (-0.9999999403953552, 4.371156592242187e-08, 3.793317659983586e-07, -6.692039278277662e-08),
        (-3.3562020007593674e-07, 4.243533421790374e-15, -0.9999999403953552, 1.441091537475586),
        (0.0, 0.0, 0.0, 1.0))), 'head': Vector((-0.05090726166963577, -6.692039278277662e-08, 1.441091537475586)), 'tail': Vector((-0.146309033036232, -6.27502316774553e-08, 1.441091537475586)), 'connect': False, 'children': [{'name': 'RightArm', 'matrix': Matrix(((0.003941589966416359, -0.9999920129776001, -1.534854798812546e-09, -0.146309033036232),
        (-0.9999921917915344, -0.003941443283110857, 3.894113262958854e-07, -6.27502316774553e-08),
        (-3.89414338997085e-07, 0.0, -1.0, 1.441091537475586),
        (0.0, 0.0, 0.0, 1.0))), 'matrix_local': Matrix(((0.003941443283110857, -0.9999921321868896, -1.3625690575835847e-09, -0.1463090181350708),
        (-0.9999921917915344, -0.003941443283110857, 3.8941197999520227e-07, -6.27502316774553e-08),
        (-3.457031141351763e-07, -1.1102230246251565e-16, -0.9999999403953552, 1.441091537475586),
        (0.0, 0.0, 0.0, 1.0))), 'head': Vector((-0.146309033036232, -6.27502316774553e-08, 1.441091537475586)), 'tail': Vector((-0.4043945074081421, -0.0010173001792281866, 1.441091537475586)), 'connect': True, 'children': [{'name': 'RightForeArm', 'matrix': Matrix(((-0.0040070307441055775, -0.9999921321868896, -1.6054122170316987e-05, -0.4043945074081421),
        (-0.9999839663505554, 0.0040069930255413055, -0.004006493836641312, -0.0010173001792281866),
        (0.004006525967270136, -1.8189894035458565e-12, -0.9999919533729553, 1.441091537475586),
        (0.0, 0.0, 0.0, 1.0))), 'matrix_local': Matrix(((-0.004006960429251194, -0.9999919533729553, -1.6054294974310324e-05, -0.4043945372104645),
        (-0.9999839067459106, 0.0040069930255413055, -0.004006493836641312, -0.0010173001792281866),
        (0.0040065692737698555, 2.2648549702353193e-14, -0.9999918937683105, 1.441091537475586),
        (0.0, 0.0, 0.0, 1.0))), 'head': Vector((-0.4043945074081421, -0.0010173001792281866, 1.441091537475586)), 'tail': Vector((-0.6582636833190918, -4.0038820259269414e-08, 1.441091537475586)), 'connect': True, 'children': [{'name': 'RightHand', 'matrix': Matrix(((0.09169548004865646, -0.9957870841026306, -1.3845629531772374e-08, -0.6582636833190918),
        (-0.9957870841026306, -0.09169545024633408, 1.5035966782761534e-07, -4.0038820259269414e-08),
        (-1.5099580252808664e-07, -8.881784197001252e-16, -1.0, 1.441091537475586),
        (0.0, 0.0, 0.0, 1.0))), 'matrix_local': Matrix(((0.09169546514749527, -0.9957870841026306, -9.904397302307189e-09, -0.6582636833190918),
        (-0.9957870244979858, -0.09169545769691467, 1.5040859580039978e-07, -3.993045538663864e-08),
        (-1.0849907994270325e-07, 0.0, -0.9999998807907104, 1.441091537475586),
        (0.0, 0.0, 0.0, 1.0))), 'head': Vector((-0.6582636833190918, -4.0038820259269414e-08, 1.441091537475586)), 'tail': Vector((-0.7337179183959961, -0.006948122289031744, 1.441091537475586)), 'connect': True, 'children': [{'name': 'RightHandMiddle1', 'matrix': Matrix(((0.03482592850923538, -0.999393105506897, -5.258541602159994e-09, -0.7468205690383911),
        (-0.9993933439254761, -0.03482573851943016, 1.5090419935859245e-07, -0.008154666982591152),
        (-1.5099578831723193e-07, 0.0, -1.0, 1.441091537475586),
        (0.0, 0.0, 0.0, 1.0))), 'matrix_local': Matrix(((0.03482574224472046, -0.9993934035301208, -3.739564657934125e-09, -0.7468205690383911),
        (-0.9993933439254761, -0.03482573851943016, 1.5095710637069715e-07, -0.008154667913913727),
        (-1.0865640831525525e-07, 2.220446049250313e-15, -0.9999998807907104, 1.441091537475586),
        (0.0, 0.0, 0.0, 1.0))), 'head': Vector((-0.7468205690383911, -0.008154666982591152, 1.441091537475586)), 'tail': Vector((-0.7808621525764465, -0.009340910241007805, 1.441091537475586)), 'connect': False, 'children': [{'name': 'RightHandMiddle2', 'matrix': Matrix(((0.022364389151334763, -0.9997499585151672, -3.3769369522929082e-09, -0.7808621525764465),
        (-0.9997498989105225, -0.02236444503068924, 1.5095804428710835e-07, -0.009340910241007805),
        (-1.5099580252808664e-07, 2.220446049250313e-16, -1.0, 1.441091537475586),
        (0.0, 0.0, 0.0, 1.0))), 'matrix_local': Matrix(((0.02236444503068924, -0.9997498989105225, -2.385213360156513e-09, -0.7808621525764465),
        (-0.9997498393058777, -0.02236444130539894, 1.5098021322046407e-07, -0.00934091117233038),
        (-1.0864076926964117e-07, 1.1102230246251565e-16, -0.9999998807907104, 1.441091537475586),
        (0.0, 0.0, 0.0, 1.0))), 'head': Vector((-0.7808621525764465, -0.009340910241007805, 1.441091537475586)), 'tail': Vector((-0.807635486125946, -0.009939830750226974, 1.441091537475586)), 'connect': True, 'children': [{'name': 'RightHandMiddle3', 'matrix': Matrix(((0.03721116483211517, -0.9993072152137756, -5.61871216220311e-09, -0.807635486125946),
        (-0.9993073344230652, -0.03721104934811592, 1.5089122484823747e-07, -0.009939830750226974),
        (-1.5099580252808664e-07, 0.0, -1.0, 1.441091537475586),
        (0.0, 0.0, 0.0, 1.0))), 'matrix_local': Matrix(((0.03721105307340622, -0.9993073344230652, -3.998883002509501e-09, -0.807635486125946),
        (-0.9993073344230652, -0.03721104934811592, 1.509515499265035e-07, -0.009939831681549549),
        (-1.0866018129718213e-07, 0.0, -0.9999998807907104, 1.441091537475586),
        (0.0, 0.0, 0.0, 1.0))), 'head': Vector((-0.807635486125946, -0.009939830750226974, 1.441091537475586)), 'tail': Vector((-0.833952009677887, -0.010919774882495403, 1.441091537475586)), 'connect': True, 'children': [{'name': 'RightHandMiddle4', 'matrix': Matrix(((0.05263208970427513, -0.9986141920089722, -7.947233982008584e-09, -0.833952009677887),
        (-0.9986140131950378, -0.052632156759500504, 1.5078651927069586e-07, -0.010919774882495403),
        (-1.5099581673894136e-07, 0.0, -1.0, 1.441091537475586),
        (0.0, 0.0, 0.0, 1.0))), 'matrix_local': Matrix(((0.05263214558362961, -0.9986138343811035, -5.676123127074106e-09, -0.833952009677887),
        (-0.9986138343811035, -0.05263214185833931, 1.509062030891073e-07, -0.010919775813817978),
        (-1.0869022304405007e-07, -1.1102230246251565e-16, -0.9999998807907104, 1.441091537475586),
        (0.0, 0.0, 0.0, 1.0))), 'head': Vector((-0.833952009677887, -0.010919774882495403, 1.441091537475586)), 'tail': Vector((-0.8602501749992371, -0.012305825017392635, 1.441091537475586)), 'connect': True, 'children': []}]}]}]}, {'name': 'RightHandPinky1', 'matrix': Matrix(((-0.2293374240398407, -0.9733468294143677, 3.462899655914953e-08, -0.734862208366394),
        (-0.9733469486236572, 0.2293374389410019, 1.4697130268359615e-07, 0.027404827997088432),
        (-1.5099578831723193e-07, 0.0, -1.0, 1.441091537475586),
        (0.0, 0.0, 0.0, 1.0))), 'matrix_local': Matrix(((-0.2293373942375183, -0.9733469486236572, 2.521385766840467e-08, -0.734862208366394),
        (-0.9733468890190125, 0.2293373942375183, 1.4918965973720333e-07, 0.027404827997088432),
        (-1.0974817143960536e-07, -1.7763568394002505e-14, -0.9999998807907104, 1.441091537475586),
        (0.0, 0.0, 0.0, 1.0))), 'head': Vector((-0.734862208366394, 0.027404827997088432, 1.441091537475586)), 'tail': Vector((-0.7673071622848511, 0.035049423575401306, 1.441091537475586)), 'connect': False, 'children': [{'name': 'RightHandPinky2', 'matrix': Matrix(((-0.21163761615753174, -0.9773484468460083, -3.195638598185724e-08, -0.7673071622848511),
        (-0.977348268032074, 0.21163763105869293, -1.4757549138266768e-07, 0.035049423575401306),
        (1.5099583094979607e-07, 3.552713678800501e-15, -1.0, 1.441091537475586),
        (0.0, 0.0, 0.0, 1.0))), 'matrix_local': Matrix(((-0.21163755655288696, -0.977348268032074, -4.067716474764893e-08, -0.7673071622848511),
        (-0.9773481488227844, 0.21163758635520935, -1.4568705353212863e-07, 0.03504941985011101),
        (1.924121306728921e-07, 1.7763568394002505e-15, -0.9999998807907104, 1.441091537475586),
        (0.0, 0.0, 0.0, 1.0))), 'head': Vector((-0.7673071622848511, 0.035049423575401306, 1.441091537475586)), 'tail': Vector((-0.7864083051681519, 0.03918563574552536, 1.441091537475586)), 'connect': True, 'children': [{'name': 'RightHandPinky3', 'matrix': Matrix(((-0.2263556569814682, -0.9740445613861084, 3.41787682600625e-08, -0.7864083051681519),
        (-0.974044680595398, 0.22635573148727417, 1.4707666196045466e-07, 0.03918563574552536),
        (-1.5099580252808664e-07, 0.0, -1.0, 1.441091537475586),
        (0.0, 0.0, 0.0, 1.0))), 'matrix_local': Matrix(((-0.22635573148727417, -0.9740447998046875, 2.487994521516157e-08, -0.7864083051681519),
        (-0.9740446209907532, 0.22635577619075775, 1.49237578739303e-07, 0.03918563202023506),
        (-1.0971881181376375e-07, 1.1102230246251565e-15, -0.9999998807907104, 1.441091537475586),
        (0.0, 0.0, 0.0, 1.0))), 'head': Vector((-0.7864083051681519, 0.03918563574552536, 1.441091537475586)), 'tail': Vector((-0.8044203519821167, 0.04337140917778015, 1.441091537475586)), 'connect': True, 'children': [{'name': 'RightHandPinky4', 'matrix': Matrix(((0.05263211205601692, -0.9986141920089722, -2.049572067619465e-08, -0.8044203519821167),
        (-0.9986140131950378, -0.0526321679353714, 3.8887463915671105e-07, 0.04337140917778015),
        (-3.8941439584050386e-07, 0.0, -1.0, 1.441091537475586),
        (0.0, 0.0, 0.0, 1.0))), 'matrix_local': Matrix(((0.052632227540016174, -0.9986139535903931, -1.8224664444232985e-08, -0.8044203519821167),
        (-0.9986138939857483, -0.05263213813304901, 3.8899429455341306e-07, 0.04337140545248985),
        (-3.4710882346189464e-07, 7.105427357601002e-15, -0.9999998807907104, 1.441091537475586),
        (0.0, 0.0, 0.0, 1.0))), 'head': Vector((-0.8044203519821167, 0.04337140917778015, 1.441091537475586)), 'tail': Vector((-0.8228867053985596, 0.04239813610911369, 1.441091537475586)), 'connect': True, 'children': []}]}]}]}, {'name': 'RightHandRing1', 'matrix': Matrix(((-0.0800936222076416, -0.9967871904373169, 3.1189639315698514e-08, -0.743895947933197),
        (-0.9967873096466064, 0.08009371161460876, 3.881633006130869e-07, 0.009333410300314426),
        (-3.89414338997085e-07, 0.0, -1.0, 1.441091537475586),
        (0.0, 0.0, 0.0, 1.0))), 'matrix_local': Matrix(((-0.08009377866983414, -0.9967873096466064, 2.7851449146965024e-08, -0.743895947933197),
        (-0.9967872500419617, 0.08009377121925354, 3.8843154470669106e-07, 0.009333409368991852),
        (-3.471802756394027e-07, 1.0658141036401503e-14, -0.9999998807907104, 1.441091537475586),
        (0.0, 0.0, 0.0, 1.0))), 'head': Vector((-0.743895947933197, 0.009333410300314426, 1.441091537475586)), 'tail': Vector((-0.7730085849761963, 0.011672664433717728, 1.441091537475586)), 'connect': False, 'children': [{'name': 'RightHandRing2', 'matrix': Matrix(((-0.06886391341686249, -0.9976264238357544, 1.0398149896673203e-08, -0.7730085849761963),
        (-0.9976261258125305, 0.06886385381221771, 1.506373621396051e-07, 0.011672664433717728),
        (-1.5099583094979607e-07, 0.0, -1.0, 1.441091537475586),
        (0.0, 0.0, 0.0, 1.0))), 'matrix_local': Matrix(((-0.06886381655931473, -0.9976260662078857, 7.53181694790328e-09, -0.7730085849761963),
        (-0.9976259469985962, 0.06886381655931473, 1.5083521986980486e-07, 0.011672665365040302),
