from mathutils import Matrix, Vector, Euler
structure = [{'name': 'root', 'matrix': Matrix(((1.0, 0.0, 0.0, 0.0),
        (0.0, 1.0, 0.0, 0.0),
        (0.0, 0.0, 1.0, 0.0),
        (0.0, 0.0, 0.0, 1.0))), 'matrix_local': Matrix(((1.0, 0.0, 0.0, 0.0),
        (0.0, 1.0, 0.0, 0.0),
        (0.0, 0.0, 1.0, 0.0),
        (0.0, 0.0, 0.0, 1.0))), 'head': Vector((0.0, 0.0, 0.0)), 'tail': Vector((0.0, 50.0, 0.0)), 'connect': False, 'children': [{'name': 'pelvis', 'matrix': Matrix(((-8.61806984175928e-05, 0.0007717818953096867, 0.9999995827674866, 0.008674918673932552),
        (0.9999780058860779, 0.006624428555369377, 8.106717723421752e-05, -1.3973468542099),
        (-0.006624364759773016, 0.9999775886535645, -0.0007721809670329094, 122.48912048339844),
        (0.0, 0.0, 0.0, 1.0))), 'matrix_local': Matrix(((-8.618066203780472e-05, 0.0007717818953096867, 0.9999995827674866, 0.008674918673932552),
        (0.9999780058860779, 0.006624389439821243, 8.106668246909976e-05, -1.3973464965820312),
        (-0.006624325178563595, 0.9999775886535645, -0.0007722610607743263, 122.48912048339844),
        (0.0, 0.0, 0.0, 1.0))), 'head': Vector((0.008674918673932552, -1.3973468542099, 122.48912048339844)), 'tail': Vector((0.018128952011466026, -1.3162001371383667, 134.73846435546875)), 'connect': False, 'children': [{'name': 'spine_01', 'matrix': Matrix(((7.335974316902139e-08, -2.0954757928848267e-09, 1.0, 0.018169866874814034),
        (0.9999961256980896, 0.002787189092487097, -7.323251338675618e-08, -1.31584894657135),
        (-0.002787188859656453, 0.9999961256980896, 4.563480615615845e-08, 134.79148864746094),
        (0.0, 0.0, 0.0, 1.0))), 'matrix_local': Matrix(((7.362541509792209e-08, -2.2118911147117615e-09, 0.9999998807907104, 0.018169865012168884),
        (0.9999960064888, 0.002787190256640315, -7.314520189538598e-08, -1.3158490657806396),
        (-0.002787190955132246, 0.9999958872795105, 7.718335837125778e-08, 134.79148864746094),
        (0.0, 0.0, 0.0, 1.0))), 'head': Vector((0.018169866874814034, -1.31584894657135, 134.79148864746094)), 'tail': Vector((0.018169842660427094, -1.2843722105026245, 146.08480834960938)), 'connect': False, 'children': [{'name': 'spine_02', 'matrix': Matrix(((5.940698611084372e-05, 0.0006747804582118988, 0.9999997615814209, 0.01816987432539463),
        (0.9989829063415527, 0.045092590153217316, -8.977530524134636e-05, -1.2843722105026245),
        (-0.045092638581991196, 0.9989826083183289, -0.00067143514752388, 146.0848388671875),
        (0.0, 0.0, 0.0, 1.0))), 'matrix_local': Matrix(((5.940429764450528e-05, 0.0006747778388671577, 0.9999996423721313, 0.01816987246274948),
        (0.9989827275276184, 0.04509257152676582, -8.977089601103216e-05, -1.284372329711914),
        (-0.045092612504959106, 0.998982310295105, -0.0006713379407301545, 146.0848388671875),
        (0.0, 0.0, 0.0, 1.0))), 'head': Vector((0.01816987432539463, -1.2843722105026245, 146.0848388671875)), 'tail': Vector((0.025166818872094154, -0.8167957663536072, 156.44354248046875)), 'connect': False, 'children': [{'name': 'spine_03', 'matrix': Matrix(((6.091568849342366e-08, -1.4901161193847656e-08, 0.9999998211860657, 0.025166818872094154),
        (0.9863407015800476, 0.1647173911333084, -2.7939677238464355e-08, -0.8167957663536072),
        (-0.1647174209356308, 0.9863405227661133, 2.086162567138672e-07, 156.44354248046875),
        (0.0, 0.0, 0.0, 1.0))), 'matrix_local': Matrix(((5.0056769396178424e-08, -1.7113052308559418e-08, 0.9999998807907104, 0.025166817009449005),
        (0.9863406419754028, 0.16471745073795319, -4.6093191485852e-08, -0.816795825958252),
        (-0.1647174209356308, 0.9863405227661133, 9.98261384665966e-08, 156.44354248046875),
        (0.0, 0.0, 0.0, 1.0))), 'head': Vector((0.025166818872094154, -0.8167957663536072, 156.44354248046875)), 'tail': Vector((0.025166528299450874, 1.9627726078033447, 173.0878143310547)), 'connect': True, 'children': [{'name': 'clavicle_l', 'matrix': Matrix(((-0.23703646659851074, 0.9700713753700256, -0.0526818111538887, 5.569767475128174),
        (0.9715007543563843, 0.2366887927055359, -0.012833239510655403, 2.383265972137451),
        (2.0034611225128174e-05, -0.05422237515449524, -0.9985288977622986, 169.7222442626953),
        (0.0, 0.0, 0.0, 1.0))), 'matrix_local': Matrix(((-0.23703648149967194, 0.9700711965560913, -0.05268198624253273, 5.569767951965332),
        (0.97150057554245, 0.23668880760669708, -0.012833219952881336, 2.3832664489746094),
        (2.007800321734976e-05, -0.05422237887978554, -0.9985286593437195, 169.7222442626953),
        (0.0, 0.0, 0.0, 1.0))), 'head': Vector((5.569767475128174, 2.383265972137451, 169.7222442626953)), 'tail': Vector((18.507537841796875, 5.539967060089111, 168.99908447265625)), 'connect': False, 'children': [{'name': 'upperarm_l', 'matrix': Matrix(((-0.04887021705508232, 0.9988049864768982, -4.776306923304219e-07, 18.507537841796875),
        (0.9988051056861877, 0.04887023940682411, 6.5846967345351e-07, 5.539967060089111),
        (6.810246304667089e-07, -4.448804133971862e-07, -1.0, 168.99908447265625),
        (0.0, 0.0, 0.0, 1.0))), 'matrix_local': Matrix(((-0.048870235681533813, 0.998805046081543, 6.817281246185303e-07, 18.507537841796875),
        (0.9988049864768982, 0.04887024313211441, 7.16187059879303e-07, 5.539968013763428),
        (6.882473826408386e-07, 8.67992639541626e-07, -0.9999997615814209, 168.99908447265625),
        (0.0, 0.0, 0.0, 1.0))), 'head': Vector((18.507537841796875, 5.539967060089111, 168.99908447265625)), 'tail': Vector((52.76518630981445, 7.21614933013916, 168.9990692138672)), 'connect': True, 'children': [{'name': 'lowerarm_l', 'matrix': Matrix(((0.05288423225283623, 0.998600423336029, -7.985287098222216e-09, 52.76518630981445),
        (0.9986005425453186, -0.05288415774703026, -1.507845013293263e-07, 7.21614933013916),
        (-1.5099578831723193e-07, 0.0, -1.0, 168.9990692138672),
        (0.0, 0.0, 0.0, 1.0))), 'matrix_local': Matrix(((0.05288419499993324, 0.9986006021499634, -1.835665443650214e-06, 52.76518249511719),
        (0.9986004829406738, -0.05288418382406235, -5.399385827331571e-08, 7.216150283813477),
        (-1.293411742153694e-07, -1.6795827377791284e-06, -0.9999997615814209, 168.99911499023438),
        (0.0, 0.0, 0.0, 1.0))), 'head': Vector((52.76518630981445, 7.21614933013916, 168.9990692138672)), 'tail': Vector((84.41609191894531, 5.539971828460693, 168.9990692138672)), 'connect': False, 'children': [{'name': 'hand_l', 'matrix': Matrix(((-0.052080925554037094, 0.9985663294792175, -0.0123538076877594, 84.41609191894531),
        (0.018045134842395782, -0.011427562683820724, -0.9997718930244446, 5.539971828460693),
        (-0.9984798431396484, -0.05229197070002556, -0.01742411032319069, 168.9990692138672),
        (0.0, 0.0, 0.0, 1.0))), 'matrix_local': Matrix(((-0.05208119377493858, 0.9985663294792175, -0.012353809550404549, 84.41609191894531),
        (0.018045147880911827, -0.011427543126046658, -0.9997717142105103, 5.539972305297852),
        (-0.9984796047210693, -0.05229208618402481, -0.01742413267493248, 168.9990692138672),
        (0.0, 0.0, 0.0, 1.0))), 'head': Vector((84.41609191894531, 5.539971828460693, 168.9990692138672)), 'tail': Vector((93.0940170288086, 5.440661907196045, 168.5446319580078)), 'connect': True, 'children': [{'name': 'index_01_l', 'matrix': Matrix(((-0.21771129965782166, 0.9688006043434143, -0.118436798453331, 93.79058074951172),
        (0.11851316690444946, -0.0942092090845108, -0.9884731769561768, 2.7369580268859863),
        (-0.9687912464141846, -0.2292380928993225, -0.09430520236492157, 167.69491577148438),
        (0.0, 0.0, 0.0, 1.0))), 'matrix_local': Matrix(((-0.2177116721868515, 0.9688003063202104, -0.11843682080507278, 93.79058074951172),
        (0.11851315200328827, -0.09420917928218842, -0.9884730577468872, 2.7369585037231445),
        (-0.9687909483909607, -0.2292383462190628, -0.09430516511201859, 167.69491577148438),
        (0.0, 0.0, 0.0, 1.0))), 'head': Vector((93.79058074951172, 2.7369580268859863, 167.69491577148438)), 'tail': Vector((97.46430206298828, 2.379713773727417, 166.8256378173828)), 'connect': False, 'children': [{'name': 'index_02_l', 'matrix': Matrix(((-0.28359848260879517, 0.9476626515388489, -0.1466534435749054, 97.46430206298828),
        (0.12724897265434265, -0.11438992619514465, -0.9852524995803833, 2.379713773727417),
        (-0.950462818145752, -0.29807764291763306, -0.08814829587936401, 166.8256378173828),
        (0.0, 0.0, 0.0, 1.0))), 'matrix_local': Matrix(((-0.2835986018180847, 0.9476625323295593, -0.14665347337722778, 97.46430206298828),
        (0.12724895775318146, -0.11438989639282227, -0.9852524995803833, 2.379714250564575),
        (-0.9504625797271729, -0.29807764291763306, -0.08814828097820282, 166.8256378173828),
        (0.0, 0.0, 0.0, 1.0))), 'head': Vector((97.46430206298828, 2.379713773727417, 166.8256378173828)), 'tail': Vector((100.28112030029297, 2.039702892303467, 165.93963623046875)), 'connect': True, 'children': [{'name': 'index_03_l', 'matrix': Matrix(((-0.3146612048149109, 0.9491417407989502, 0.010873585939407349, 100.28112030029297),
        (0.09998705983161926, 0.044535309076309204, -0.9939916133880615, 2.039702892303467),
        (-0.9439231753349304, -0.31168338656425476, -0.10891538858413696, 165.93963623046875),
        (0.0, 0.0, 0.0, 1.0))), 'matrix_local': Matrix(((-0.3146612346172333, 0.9491416215896606, 0.010873556137084961, 100.28112030029297),
        (0.0999869853258133, 0.044535279273986816, -0.9939915537834167, 2.039703369140625),
        (-0.9439229965209961, -0.3116832375526428, -0.10891535878181458, 165.93963623046875),
        (0.0, 0.0, 0.0, 1.0))), 'head': Vector((100.28112030029297, 2.039702892303467, 165.93963623046875)), 'tail': Vector((103.1023178100586, 2.1720781326293945, 165.01319885253906)), 'connect': True, 'children': []}]}]}, {'name': 'middle_01_l', 'matrix': Matrix(((-0.18609094619750977, 0.9823434948921204, 0.019266873598098755, 94.39398193359375),
        (0.048514097929000854, 0.028772294521331787, -0.9984080195426941, 5.065415382385254),
        (-0.9813340902328491, -0.18486005067825317, -0.05301177501678467, 167.7309112548828),
        (0.0, 0.0, 0.0, 1.0))), 'matrix_local': Matrix(((-0.18609151244163513, 0.9823434948921204, 0.019266879186034203, 94.39398193359375),
        (0.04851406440138817, 0.028772298246622086, -0.9984078407287598, 5.065415859222412),
        (-0.9813337922096252, -0.18486037850379944, -0.05301177501678467, 167.7309112548828),
        (0.0, 0.0, 0.0, 1.0))), 'head': Vector((94.39398193359375, 5.065415382385254, 167.7309112548828)), 'tail': Vector((97.87925720214844, 5.167497158050537, 167.07504272460938)), 'connect': False, 'children': [{'name': 'middle_02_l', 'matrix': Matrix(((-0.26603633165359497, 0.9631648063659668, -0.03923138976097107, 97.87925720214844),
        (0.03453055024147034, -0.03115008771419525, -0.9989181756973267, 5.167497158050537),
        (-0.9633444547653198, -0.26710304617881775, -0.024971529841423035, 167.07504272460938),
        (0.0, 0.0, 0.0, 1.0))), 'matrix_local': Matrix(((-0.2660362720489502, 0.9631643891334534, -0.03923145309090614, 97.87925720214844),
        (0.03453047201037407, -0.031150061637163162, -0.998917818069458, 5.167497634887695),
        (-0.9633442163467407, -0.267102986574173, -0.024971498176455498, 167.07504272460938),
        (0.0, 0.0, 0.0, 1.0))), 'head': Vector((97.87925720214844, 5.167497158050537, 167.07504272460938)), 'tail': Vector((101.0855941772461, 5.063799858093262, 166.1858673095703)), 'connect': True, 'children': [{'name': 'middle_03_l', 'matrix': Matrix(((-0.2495516836643219, 0.9682627320289612, -0.013837337493896484, 101.0855941772461),
        (0.04866500198841095, -0.00173148512840271, -0.9988136291503906, 5.063799858093262),
        (-0.9671379327774048, -0.24992892146110535, -0.04668836295604706, 166.1858673095703),
        (0.0, 0.0, 0.0, 1.0))), 'matrix_local': Matrix(((-0.24955177307128906, 0.9682626128196716, -0.01383737288415432, 101.0855941772461),
        (0.04866490513086319, -0.001731477677822113, -0.9988134503364563, 5.06380033493042),
        (-0.9671376943588257, -0.2499290108680725, -0.04668834060430527, 166.1858673095703),
        (0.0, 0.0, 0.0, 1.0))), 'head': Vector((101.0855941772461, 5.063799858093262, 166.1858673095703)), 'tail': Vector((104.30889129638672, 5.058035850524902, 165.35386657714844)), 'connect': True, 'children': []}]}]}, {'name': 'pinky_01_l', 'matrix': Matrix(((-0.1338619589805603, 0.9512385725975037, 0.2778954803943634, 93.01847839355469),
        (-0.13156962394714355, 0.260877788066864, -0.9563640356063843, 8.887332916259766),
        (-0.9822272062301636, -0.16458335518836975, 0.09023251384496689, 166.73411560058594),
        (0.0, 0.0, 0.0, 1.0))), 'matrix_local': Matrix(((-0.13386236131191254, 0.9512384533882141, 0.2778955399990082, 93.01847839355469),
        (-0.13156971335411072, 0.2608778774738312, -0.9563639163970947, 8.887333869934082),
        (-0.9822269678115845, -0.16458363831043243, 0.0902324765920639, 166.73411560058594),
        (0.0, 0.0, 0.0, 1.0))), 'head': Vector((93.01847839355469, 8.887332916259766, 166.73411560058594)), 'tail': Vector((96.57195281982422, 9.861875534057617, 166.11929321289062)), 'connect': False, 'children': [{'name': 'pinky_02_l', 'matrix': Matrix(((-0.15036585927009583, 0.9532411694526672, 0.26214858889579773, 96.57195281982422),
        (-0.1264389157295227, 0.24444353580474854, -0.9613847732543945, 9.861875534057617),
        (-0.9805118441581726, -0.17770510911941528, 0.08377078920602798, 166.11929321289062),
        (0.0, 0.0, 0.0, 1.0))), 'matrix_local': Matrix(((-0.1503659188747406, 0.9532408118247986, 0.26214849948883057, 96.57195281982422),
        (-0.1264389306306839, 0.24444349110126495, -0.961384654045105, 9.861876487731934),
        (-0.9805115461349487, -0.17770513892173767, 0.08377080410718918, 166.11929321289062),
        (0.0, 0.0, 0.0, 1.0))), 'head': Vector((96.57195281982422, 9.861875534057617, 166.11929321289062)), 'tail': Vector((98.66602325439453, 10.398866653442383, 165.72891235351562)), 'connect': True, 'children': [{'name': 'pinky_03_l', 'matrix': Matrix(((-0.4393211901187897, 0.8699257969856262, 0.22411203384399414, 98.66602325439453),
        (-0.10216590762138367, 0.19947393238544464, -0.9745626449584961, 10.398866653442383),
        (-0.8925015926361084, -0.4510425925254822, 0.0012436211109161377, 165.72891235351562),
        (0.0, 0.0, 0.0, 1.0))), 'matrix_local': Matrix(((-0.4393211901187897, 0.8699256181716919, 0.22411184012889862, 98.66602325439453),
        (-0.10216599702835083, 0.19947382807731628, -0.9745625257492065, 10.3988676071167),
        (-0.8925013542175293, -0.45104241371154785, 0.0012437477707862854, 165.72891235351562),
        (0.0, 0.0, 0.0, 1.0))), 'head': Vector((98.66602325439453, 10.398866653442383, 165.72891235351562)), 'tail': Vector((100.57709503173828, 10.837075233459473, 164.73805236816406)), 'connect': True, 'children': []}]}]}, {'name': 'ring_01_l', 'matrix': Matrix(((-0.15741154551506042, 0.9799731969833374, 0.12196084856987, 94.0361328125),
        (-0.0451376736164093, 0.11623166501522064, -0.9921960234642029, 6.9533491134643555),
        (-0.986501157283783, -0.16168802976608276, 0.025937505066394806, 167.39633178710938),
        (0.0, 0.0, 0.0, 1.0))), 'matrix_local': Matrix(((-0.1574118435382843, 0.9799728989601135, 0.12196081876754761, 94.0361328125),
        (-0.04513770341873169, 0.11623161286115646, -0.9921957850456238, 6.953349590301514),
        (-0.98650062084198, -0.16168826818466187, 0.025937501341104507, 167.39633178710938),
        (0.0, 0.0, 0.0, 1.0))), 'head': Vector((94.0361328125, 6.9533491134643555, 167.39633178710938)), 'tail': Vector((97.23785400390625, 7.333095550537109, 166.86807250976562)), 'connect': False, 'children': [{'name': 'ring_02_l', 'matrix': Matrix(((-0.20387132465839386, 0.9731042385101318, 0.107259601354599, 97.23785400390625),
        (-0.04543815553188324, 0.10003725439310074, -0.9939455986022949, 7.333095550537109),
        (-0.9779425859451294, -0.20751067996025085, 0.023821331560611725, 166.86807250976562),
        (0.0, 0.0, 0.0, 1.0))), 'matrix_local': Matrix(((-0.2038714438676834, 0.9731041789054871, 0.10725957900285721, 97.23785400390625),
        (-0.04543816298246384, 0.10003725439310074, -0.9939454197883606, 7.333096027374268),
        (-0.9779422879219055, -0.20751065015792847, 0.023821329697966576, 166.86807250976562),
        (0.0, 0.0, 0.0, 1.0))), 'head': Vector((97.23785400390625, 7.333095550537109, 166.86807250976562)), 'tail': Vector((100.20158386230469, 7.637773513793945, 166.23606872558594)), 'connect': True, 'children': [{'name': 'ring_03_l', 'matrix': Matrix(((-0.2936406135559082, 0.9558892250061035, -0.0071610212326049805, 100.20158386230469),
        (-0.0323517769575119, -0.017424672842025757, -0.9993246793746948, 7.637773513793945),
        (-0.9553682804107666, -0.29321056604385376, 0.03604130446910858, 166.23606872558594),
        (0.0, 0.0, 0.0, 1.0))), 'matrix_local': Matrix(((-0.2936406135559082, 0.9558889865875244, -0.007161080837249756, 100.20158386230469),
        (-0.032351817935705185, -0.01742462068796158, -0.9993245005607605, 7.6377739906311035),
        (-0.9553679823875427, -0.2932104468345642, 0.036041319370269775, 166.23606872558594),
        (0.0, 0.0, 0.0, 1.0))), 'head': Vector((100.20158386230469, 7.637773513793945, 166.23606872558594)), 'tail': Vector((103.11289978027344, 7.5847039222717285, 165.34304809570312)), 'connect': True, 'children': []}]}]}, {'name': 'thumb_01_l', 'matrix': Matrix(((0.37874987721443176, 0.6684361696243286, -0.6401104927062988, 86.78072357177734),
        (0.8262717723846436, -0.5557924509048462, -0.09148657321929932, 2.392221689224243),
        (-0.4169215261936188, -0.4942547082901001, -0.7628162503242493, 167.67904663085938),
        (0.0, 0.0, 0.0, 1.0))), 'matrix_local': Matrix(((0.3787497282028198, 0.6684361696243286, -0.6401107311248779, 86.78072357177734),
        (0.8262717127799988, -0.5557922124862671, -0.09148647636175156, 2.3922221660614014),
        (-0.41692137718200684, -0.49425482749938965, -0.7628160715103149, 167.67904663085938),
        (0.0, 0.0, 0.0, 1.0))), 'head': Vector((86.78072357177734, 2.392221689224243, 167.67904663085938)), 'tail': Vector((89.63871002197266, 0.015858709812164307, 165.5657958984375)), 'connect': False, 'children': [{'name': 'thumb_02_l', 'matrix': Matrix(((0.3522706627845764, 0.7907679080963135, -0.5005912184715271, 89.63871002197266),
        (0.9222328662872314, -0.38436776399612427, 0.04181039333343506, 0.01585543155670166),
        (-0.1593487411737442, -0.4763902425765991, -0.8646735548973083, 165.5657958984375),
        (0.0, 0.0, 0.0, 1.0))), 'matrix_local': Matrix(((0.3522706925868988, 0.7907676696777344, -0.5005912780761719, 89.63871002197266),
        (0.9222326874732971, -0.38436758518218994, 0.04181046038866043, 0.015856266021728516),
        (-0.1593487560749054, -0.47639012336730957, -0.8646732568740845, 165.5657958984375),
        (0.0, 0.0, 0.0, 1.0))), 'head': Vector((89.63871002197266, 0.01585543155670166, 165.5657958984375)), 'tail': Vector((92.41155242919922, -1.3319370746612549, 163.89532470703125)), 'connect': False, 'children': [{'name': 'thumb_03_l', 'matrix': Matrix(((0.2647731602191925, 0.8860048055648804, -0.38064512610435486, 92.41155242919922),
        (0.9524931907653809, -0.1786830574274063, 0.24663564562797546, -1.3319370746612549),
        (0.15050555765628815, -0.42786452174186707, -0.8912239670753479, 163.89532470703125),
        (0.0, 0.0, 0.0, 1.0))), 'matrix_local': Matrix(((0.26477333903312683, 0.886004626750946, -0.38064518570899963, 92.41155242919922),
        (0.9524930119514465, -0.17868298292160034, 0.24663564562797546, -1.331936001777649),
        (0.1505054235458374, -0.42786431312561035, -0.891223669052124, 163.89532470703125),
        (0.0, 0.0, 0.0, 1.0))), 'head': Vector((92.41155242919922, -1.3319370746612549, 163.89532470703125)), 'tail': Vector((95.51835632324219, -1.958494782447815, 162.39500427246094)), 'connect': True, 'children': []}]}]}]}, {'name': 'lowerarm_twist_01_l', 'matrix': Matrix(((0.05288425460457802, 0.9986003637313843, -7.985279992794858e-09, 84.41609191894531),
        (0.9986005425453186, -0.05288410931825638, -1.507845013293263e-07, 5.539971828460693),
        (-1.5099578831723193e-07, 0.0, -1.0, 168.9990692138672),
        (0.0, 0.0, 0.0, 1.0))), 'matrix_local': Matrix(((0.05288411304354668, 0.9986006021499634, -2.702952315303264e-07, 84.41609191894531),
        (0.9986004829406738, -0.05288410186767578, -1.368929787304296e-07, 5.539972305297852),
        (-1.2934094684169395e-07, -1.1202116549907764e-07, -0.9999997615814209, 168.9990692138672),
        (0.0, 0.0, 0.0, 1.0))), 'head': Vector((84.41609191894531, 5.539971828460693, 168.9990692138672)), 'tail': Vector((116.06700134277344, 3.863795757293701, 168.9990692138672)), 'connect': True, 'children': []}]}, {'name': 'upperarm_twist_01_l', 'matrix': Matrix(((-0.0488702654838562, 0.9988052845001221, 7.37919592097569e-09, 18.507532119750977),
        (0.9988051652908325, 0.04887021332979202, -1.5081538151662244e-07, 5.539966583251953),
        (-1.5099581673894136e-07, -4.440892098500626e-16, -1.0, 168.9990692138672),
        (0.0, 0.0, 0.0, 1.0))), 'matrix_local': Matrix(((-0.04887019097805023, 0.998805046081543, -1.8282432847627206e-06, 18.507530212402344),
        (0.9988049864768982, 0.04887019842863083, -2.4062990178208565e-07, 5.539968013763428),
        (-1.4476336218649521e-07, -1.6857391074154293e-06, -0.9999997615814209, 168.99917602539062),
        (0.0, 0.0, 0.0, 1.0))), 'head': Vector((18.507532119750977, 5.539966583251953, 168.9990692138672)), 'tail': Vector((35.6363639831543, 6.378057479858398, 168.9990692138672)), 'connect': False, 'children': []}]}]}, {'name': 'clavicle_r', 'matrix': Matrix(((-0.2370363473892212, -0.9700713753700256, 0.052682358771562576, -5.519443035125732),
        (-0.971500813961029, 0.23668870329856873, -0.012833323329687119, 2.383258104324341),
        (-2.0071864128112793e-05, -0.054222915321588516, -0.9985288977622986, 169.72238159179688),
        (0.0, 0.0, 0.0, 1.0))), 'matrix_local': Matrix(((-0.23703625798225403, -0.9700711965560913, 0.052682314068078995, -5.519442558288574),
        (-0.9715006351470947, 0.23668861389160156, -0.012833255343139172, 2.38325834274292),
        (-2.0140230844845064e-05, -0.054222892969846725, -0.9985285997390747, 169.72238159179688),
        (0.0, 0.0, 0.0, 1.0))), 'head': Vector((-5.519443035125732, 2.383258104324341, 169.72238159179688)), 'tail': Vector((-18.457082748413086, 5.539926052093506, 168.9992218017578)), 'connect': False, 'children': [{'name': 'upperarm_r', 'matrix': Matrix(((-0.055079247802495956, -0.998477578163147, -0.003042960539460182, -18.457073211669922),
        (-0.9969570636749268, 0.05516314506530762, -0.05507894605398178, 5.5399394035339355),
        (0.0551629401743412, 0.0, -0.9984773397445679, 168.9991455078125),
        (0.0, 0.0, 0.0, 1.0))), 'matrix_local': Matrix(((-0.055079229176044464, -0.9984772801399231, -0.0030404850840568542, -18.457073211669922),
        (-0.9969568252563477, 0.05516311153769493, -0.05507906526327133, 5.539938926696777),
        (0.05516292154788971, -2.5294721126556396e-06, -0.998477041721344, 168.9991455078125),
        (0.0, 0.0, 0.0, 1.0))), 'head': Vector((-18.457073211669922, 5.5399394035339355, 168.9991455078125)), 'tail': Vector((-52.727901458740234, 7.4333086013793945, 168.9991455078125)), 'connect': False, 'children': [{'name': 'lowerarm_r', 'matrix': Matrix(((0.05973757058382034, -0.9982145428657532, -9.020149072114236e-09, -52.727901458740234),
        (-0.9982142448425293, -0.05973776429891586, 1.5072615155986568e-07, 7.4333086013793945),
        (-1.5099583094979607e-07, 0.0, -1.0, 168.9991455078125),
        (0.0, 0.0, 0.0, 1.0))), 'matrix_local': Matrix(((0.059737782925367355, -0.9982141256332397, 1.8486753106117249e-07, -52.727901458740234),
        (-0.9982139468193054, -0.059737734496593475, 1.7136335372924805e-07, 7.433307647705078),
        (-1.4528632164001465e-07, -2.4260953068733215e-07, -0.9999996423721313, 168.99905395507812),
        (0.0, 0.0, 0.0, 1.0))), 'head': Vector((-52.727901458740234, 7.4333086013793945, 168.9991455078125)), 'tail': Vector((-84.36587524414062, 5.53994607925415, 168.9991455078125)), 'connect': False, 'children': [{'name': 'hand_r', 'matrix': Matrix(((-0.052079517394304276, -0.9985665082931519, 0.012354008853435516, -84.36587524414062),
        (-0.018046841025352478, -0.011427700519561768, -0.9997719526290894, 5.539970397949219),
        (0.998479962348938, -0.05229051411151886, -0.017425816506147385, 168.999267578125),
        (0.0, 0.0, 0.0, 1.0))), 'matrix_local': Matrix(((-0.05207933112978935, -0.9985666871070862, 0.012354045175015926, -84.36587524414062),
        (-0.01804683730006218, -0.01142769493162632, -0.9997717142105103, 5.539969444274902),
        (0.9984795451164246, -0.052290432155132294, -0.01742580533027649, 168.99916076660156),
        (0.0, 0.0, 0.0, 1.0))), 'head': Vector((-84.36587524414062, 5.539970397949219, 168.999267578125)), 'tail': Vector((-95.03248596191406, 5.417900562286377, 168.44070434570312)), 'connect': False, 'children': [{'name': 'index_01_r', 'matrix': Matrix(((-0.217666894197464, -0.9688118100166321, 0.11842559278011322, -96.08251953125),
        (-0.11851119995117188, -0.09420265257358551, -0.9884740710258484, 2.4920599460601807),
        (0.9688014388084412, -0.229192852973938, -0.0943102240562439, 167.3199920654297),
        (0.0, 0.0, 0.0, 1.0))), 'matrix_local': Matrix(((-0.2176671326160431, -0.9688118100166321, 0.11842574924230576, -96.08251953125),
        (-0.1185111552476883, -0.09420272707939148, -0.9884739518165588, 2.4920592308044434),
        (0.9688010811805725, -0.22919300198554993, -0.09431014209985733, 167.31988525390625),
        (0.0, 0.0, 0.0, 1.0))), 'head': Vector((-96.08251953125, 2.4920599460601807, 167.3199920654297)), 'tail': Vector((-99.7564926147461, 2.1348202228546143, 166.45083618164062)), 'connect': False, 'children': [{'name': 'index_02_r', 'matrix': Matrix(((-0.28360235691070557, -0.9476617574691772, 0.1466527283191681, -99.7564926147461),
        (-0.12724518775939941, -0.11438997089862823, -0.985253095626831, 2.1348557472229004),
        (0.9504622220993042, -0.2980809211730957, -0.08814410865306854, 166.45079040527344),
        (0.0, 0.0, 0.0, 1.0))), 'matrix_local': Matrix(((-0.28360241651535034, -0.9476615190505981, 0.14665281772613525, -99.7564926147461),
        (-0.12724518775939941, -0.11438997089862823, -0.9852530360221863, 2.134854793548584),
        (0.9504619240760803, -0.2980808615684509, -0.08814408630132675, 166.45068359375),
        (0.0, 0.0, 0.0, 1.0))), 'head': Vector((-99.7564926147461, 2.1348557472229004, 166.45079040527344)), 'tail': Vector((-102.57332611083984, 1.7948424816131592, 165.5647735595703)), 'connect': False, 'children': [{'name': 'index_03_r', 'matrix': Matrix(((-0.314668208360672, -0.9491396546363831, -0.010873675346374512, -102.57335662841797),
        (-0.09998318552970886, 0.04453490674495697, -0.9939919710159302, 1.7948744297027588),
        (0.9439213275909424, -0.31169041991233826, -0.1089116632938385, 165.56488037109375),
        (0.0, 0.0, 0.0, 1.0))), 'matrix_local': Matrix(((-0.3146682381629944, -0.9491392374038696, -0.010873481631278992, -102.57335662841797),
        (-0.09998313337564468, 0.04453487694263458, -0.993992030620575, 1.7948734760284424),
        (0.9439209699630737, -0.31169041991233826, -0.10891161113977432, 165.5647735595703),
        (0.0, 0.0, 0.0, 1.0))), 'head': Vector((-102.57335662841797, 1.7948744297027588, 165.56488037109375)), 'tail': Vector((-105.39457702636719, 1.9272499084472656, 164.63841247558594)), 'connect': False, 'children': []}]}]}, {'name': 'middle_01_r', 'matrix': Matrix(((-0.19515477120876312, -0.980696976184845, -0.012161388993263245, -96.67478942871094),
        (-0.04827508330345154, 0.021989881992340088, -0.9985920210811157, 4.946051597595215),
        (0.9795836210250854, -0.19429293274879456, -0.05163469910621643, 167.3590850830078),
        (0.0, 0.0, 0.0, 1.0))), 'matrix_local': Matrix(((-0.19515499472618103, -0.9806973338127136, -0.012161382474005222, -96.67478942871094),
        (-0.04827512800693512, 0.02198990061879158, -0.9985918998718262, 4.946050643920898),
        (0.9795833826065063, -0.1942930966615677, -0.05163468420505524, 167.35897827148438),
        (0.0, 0.0, 0.0, 1.0))), 'head': Vector((-96.67478942871094, 4.946051597595215, 167.3590850830078)), 'tail': Vector((-100.5972900390625, 5.0340046882629395, 166.58197021484375)), 'connect': False, 'children': [{'name': 'middle_02_r', 'matrix': Matrix(((-0.2689300775527954, -0.9621394872665405, 0.04431673884391785, -100.5972900390625),
        (-0.0346427857875824, -0.03631940484046936, -0.9987395405769348, 5.0340046882629395),
        (0.9625364542007446, -0.27012643218040466, -0.023563802242279053, 166.58197021484375),
        (0.0, 0.0, 0.0, 1.0))), 'matrix_local': Matrix(((-0.26893022656440735, -0.9621398448944092, 0.04431673884391785, -100.5972900390625),
        (-0.03464280068874359, -0.036319389939308167, -0.9987394213676453, 5.034003734588623),
        (0.9625362157821655, -0.27012646198272705, -0.023563802242279053, 166.5818634033203),
        (0.0, 0.0, 0.0, 1.0))), 'head': Vector((-100.5972900390625, 5.0340046882629395, 166.58197021484375)), 'tail': Vector((-103.32169342041016, 4.931162357330322, 165.81707763671875)), 'connect': True, 'children': [{'name': 'middle_03_r', 'matrix': Matrix(((-0.2495618760585785, -0.9682601094245911, 0.013839006423950195, -103.32169342041016),
        (-0.04866190254688263, -0.0017334967851638794, -0.9988139271736145, 4.931162357330322),
        (0.967135488986969, -0.24993924796581268, -0.04668475687503815, 165.81707763671875),
        (0.0, 0.0, 0.0, 1.0))), 'matrix_local': Matrix(((-0.24956203997135162, -0.9682601690292358, 0.013839103281497955, -103.32169342041016),
        (-0.048661887645721436, -0.0017334967851638794, -0.9988135695457458, 4.931161403656006),
        (0.9671350717544556, -0.24993938207626343, -0.046684712171554565, 165.8169708251953),
        (0.0, 0.0, 0.0, 1.0))), 'head': Vector((-103.32169342041016, 4.931162357330322, 165.81707763671875)), 'tail': Vector((-106.06343841552734, 4.926253795623779, 165.10934448242188)), 'connect': True, 'children': []}]}]}, {'name': 'pinky_01_r', 'matrix': Matrix(((-0.1330021172761917, -0.9510998129844666, -0.2787821292877197, -95.15646362304688),
        (0.13133949041366577, 0.2618870139122009, -0.9561198353767395, 9.487424850463867),
        (0.982374906539917, -0.16378110647201538, 0.09008542448282242, 166.35548400878906),
        (0.0, 0.0, 0.0, 1.0))), 'matrix_local': Matrix(((-0.13300234079360962, -0.9511000514030457, -0.2787822484970093, -95.15646362304688),
        (0.13133949041366577, 0.2618870139122009, -0.95611971616745, 9.48742389678955),
        (0.9823744893074036, -0.1637812703847885, 0.09008534997701645, 166.35537719726562),
        (0.0, 0.0, 0.0, 1.0))), 'head': Vector((-95.15646362304688, 9.487424850463867, 166.35548400878906)), 'tail': Vector((-98.50334930419922, 10.408995628356934, 165.77914428710938)), 'connect': False, 'children': [{'name': 'pinky_02_r', 'matrix': Matrix(((-0.19508565962314606, -0.945037841796875, -0.26238319277763367, -98.50334930419922),
        (0.13781008124351501, 0.23845697939395905, -0.961325466632843, 10.408995628356934),
        (0.9710561037063599, -0.2236998975276947, 0.08371619880199432, 165.77914428710938),
        (0.0, 0.0, 0.0, 1.0))), 'matrix_local': Matrix(((-0.19508560001850128, -0.9450380802154541, -0.26238328218460083, -98.50334930419922),
        (0.13781005144119263, 0.23845700919628143, -0.9613253474235535, 10.408994674682617),
        (0.971055805683136, -0.22369974851608276, 0.08371616154909134, 165.77903747558594),
        (0.0, 0.0, 0.0, 1.0))), 'head': Vector((-98.50334930419922, 10.408995628356934, 165.77914428710938)), 'tail': Vector((-100.97069549560547, 11.031569480895996, 165.19509887695312)), 'connect': True, 'children': [{'name': 'pinky_03_r', 'matrix': Matrix(((-0.4393109381198883, -0.8699314594268799, -0.2241097092628479, -100.97077178955078),
        (0.10215695202350616, 0.19947585463523865, -0.9745631217956543, 11.031638145446777),
        (0.8925076723098755, -0.45103055238723755, 0.0012376606464385986, 165.19546508789062),
        (0.0, 0.0, 0.0, 1.0))), 'matrix_local': Matrix(((-0.43931084871292114, -0.869931697845459, -0.22410978376865387, -100.97077178955078),
        (0.10215700417757034, 0.199475958943367, -0.9745630025863647, 11.031637191772461),
        (0.8925074338912964, -0.4510303735733032, 0.001237630844116211, 165.1953582763672),
        (0.0, 0.0, 0.0, 1.0))), 'head': Vector((-100.97077178955078, 11.031638145446777, 165.19546508789062)), 'tail': Vector((-103.24202165332031, 11.552436828613281, 164.0178985595703)), 'connect': False, 'children': []}]}]}, {'name': 'ring_01_r', 'matrix': Matrix(((-0.1651238054037094, -0.9789872765541077, -0.11965758353471756, -96.2842025756836),
        (0.046041667461395264, 0.11353928595781326, -0.9924660921096802, 7.225922584533691),
        (0.9851974248886108, -0.16938908398151398, 0.02632613480091095, 167.01715087890625),
        (0.0, 0.0, 0.0, 1.0))), 'matrix_local': Matrix(((-0.16512396931648254, -0.9789873361587524, -0.11965762078762054, -96.2842025756836),
        (0.04604163020849228, 0.11353934556245804, -0.9924660325050354, 7.225921630859375),
        (0.9851972460746765, -0.16938917338848114, 0.02632610872387886, 167.0170440673828),
        (0.0, 0.0, 0.0, 1.0))), 'head': Vector((-96.2842025756836, 7.225922584533691, 167.01715087890625)), 'tail': Vector((-100.12480926513672, 7.671341896057129, 166.35263061523438)), 'connect': False, 'children': [{'name': 'ring_02_r', 'matrix': Matrix(((-0.18617881834506989, -0.974035918712616, -0.1288093626499176, -100.12482452392578),
        (0.04341191053390503, 0.12281830608844757, -0.9914792776107788, 7.67136812210083),
        (0.9815564751625061, -0.19018429517745972, 0.01941859722137451, 166.3527069091797),
        (0.0, 0.0, 0.0, 1.0))), 'matrix_local': Matrix(((-0.1861787587404251, -0.9740357995033264, -0.12880930304527283, -100.12482452392578),
        (0.04341190680861473, 0.12281829118728638, -0.9914790987968445, 7.671367168426514),
        (0.9815559983253479, -0.19018425047397614, 0.01941860094666481, 166.35260009765625),
        (0.0, 0.0, 0.0, 1.0))), 'head': Vector((-100.12482452392578, 7.67136812210083, 166.3527069091797)), 'tail': Vector((-102.61033630371094, 7.984771728515625, 165.86740112304688)), 'connect': False, 'children': [{'name': 'ring_03_r', 'matrix': Matrix(((-0.29364460706710815, -0.9558877348899841, 0.007158637046813965, -102.6103515625),
        (0.03235974907875061, -0.017424672842025757, -0.9993243217468262, 7.984781265258789),
        (0.9553667902946472, -0.2932145297527313, 0.03604891896247864, 165.86752319335938),
        (0.0, 0.0, 0.0, 1.0))), 'matrix_local': Matrix(((-0.29364442825317383, -0.9558879137039185, 0.007158681750297546, -102.6103515625),
        (0.032359715551137924, -0.017424672842025757, -0.9993242621421814, 7.984780311584473),
        (0.9553664922714233, -0.293214350938797, 0.03604893386363983, 165.86741638183594),
        (0.0, 0.0, 0.0, 1.0))), 'head': Vector((-102.6103515625, 7.984781265258789, 165.86752319335938)), 'tail': Vector((-105.04955291748047, 7.940317630767822, 165.1193084716797)), 'connect': False, 'children': []}]}]}, {'name': 'thumb_01_r', 'matrix': Matrix(((0.37875235080718994, -0.6684376001358032, 0.6401078701019287, -87.15570068359375),
        (-0.8262723088264465, -0.5557924509048462, -0.09148445725440979, 2.0387704372406006),
        (0.4169185757637024, -0.49425339698791504, -0.7628189325332642, 167.36468505859375),
        (0.0, 0.0, 0.0, 1.0))), 'matrix_local': Matrix(((0.3787524104118347, -0.6684374213218689, 0.640108048915863, -87.15570068359375),
        (-0.8262720108032227, -0.5557922124862671, -0.09148439019918442, 2.0387697219848633),
        (0.4169185161590576, -0.4942532777786255, -0.762818455696106, 167.3645782470703),
        (0.0, 0.0, 0.0, 1.0))), 'head': Vector((-87.15570068359375, 2.0387704372406006, 167.36468505859375)), 'tail': Vector((-90.01361846923828, -0.3375305235385895, 165.25149536132812)), 'connect': False, 'children': [{'name': 'thumb_02_r', 'matrix': Matrix(((0.35227081179618835, -0.7907677292823792, 0.5005912184715271, -90.01354217529297),
        (-0.9222326278686523, -0.38436782360076904, 0.04181039333343506, -0.33764514327049255),
        (0.1593489944934845, -0.47639012336730957, -0.8646734952926636, 165.2515106201172),
        (0.0, 0.0, 0.0, 1.0))), 'matrix_local': Matrix(((0.35227105021476746, -0.7907677888870239, 0.5005912780761719, -90.01354217529297),
        (-0.9222326874732971, -0.3843678832054138, 0.04181044548749924, -0.3376457691192627),
        (0.15934880077838898, -0.4763900339603424, -0.8646732568740845, 165.25140380859375),
        (0.0, 0.0, 0.0, 1.0))), 'head': Vector((-90.01354217529297, -0.33764514327049255, 165.2515106201172)), 'tail': Vector((-92.78638458251953, -1.6854385137557983, 163.58103942871094)), 'connect': False, 'children': [{'name': 'thumb_03_r', 'matrix': Matrix(((0.2647739350795746, -0.8860045671463013, 0.3806456923484802, -92.78639221191406),
        (-0.9524929523468018, -0.17868344485759735, 0.24663642048835754, -1.6854310035705566),
        (-0.15050604939460754, -0.4278654456138611, -0.8912234902381897, 163.58103942871094),
        (0.0, 0.0, 0.0, 1.0))), 'matrix_local': Matrix(((0.2647742033004761, -0.8860042691230774, 0.3806458115577698, -92.78639221191406),
        (-0.9524928331375122, -0.178683340549469, 0.24663646519184113, -1.6854315996170044),
        (-0.15050582587718964, -0.427865207195282, -0.8912230730056763, 163.5809326171875),
        (0.0, 0.0, 0.0, 1.0))), 'head': Vector((-92.78639221191406, -1.6854310035705566, 163.58103942871094)), 'tail': Vector((-95.8931884765625, -2.3119888305664062, 162.08071899414062)), 'connect': False, 'children': []}]}]}]}, {'name': 'lowerarm_twist_01_r', 'matrix': Matrix(((0.059737399220466614, -0.9982145428657532, -9.02013663761636e-09, -84.36587524414062),
        (-0.9982142448425293, -0.059737678617239, 1.5072615155986568e-07, 5.53994607925415),
        (-1.5099583094979607e-07, -8.881784197001252e-16, -1.0, 168.9991455078125),
        (0.0, 0.0, 0.0, 1.0))), 'matrix_local': Matrix(((0.059737712144851685, -0.9982141256332397, -1.388144710290362e-07, -84.36587524414062),
        (-0.9982139468193054, -0.059737663716077805, 1.42958612059374e-07, 5.539945125579834),
        (-1.3626832640056818e-07, 8.219112146434782e-08, -0.9999996423721313, 168.99903869628906),
        (0.0, 0.0, 0.0, 1.0))), 'head': Vector((-84.36587524414062, 5.53994607925415, 168.9991455078125)), 'tail': Vector((-116.00383758544922, 3.6465868949890137, 168.9991455078125)), 'connect': True, 'children': []}]}, {'name': 'upperarm_twist_01_r', 'matrix': Matrix(((-0.05507881939411163, -0.998477578163147, -0.0030429272446781397, -18.457075119018555),
        (-0.9969571232795715, 0.05516277998685837, -0.05507870763540268, 5.539942741394043),
        (0.0551627017557621, -2.3283064365386963e-10, -0.9984773993492126, 168.9991912841797),
        (0.0, 0.0, 0.0, 1.0))), 'matrix_local': Matrix(((-0.05507874861359596, -0.9984772801399231, -0.003042736789211631, -18.457073211669922),
        (-0.9969568252563477, 0.05516275763511658, -0.05507870763540268, 5.539941787719727),
        (0.055162686854600906, -2.3811162463971414e-07, -0.998477041721344, 168.99911499023438),
