from mathutils import Matrix, Vector, Euler
# -*- coding: utf-8 -*-
# Avatar Skeleton based on VRC Skeleton
structure = [{'name': 'Hips', 'matrix': Matrix(((1.0, 0.0, 0.0, 0.0),
        (0.0, -1.6292088389491255e-07, -0.9999999403953552, -1.6526428003871274e-09),
        (0.0, 0.9999999403953552, -1.1920928955078125e-07, 1.040480136871338),
        (0.0, 0.0, 0.0, 1.0))), 'matrix_local': Matrix(((1.0, 0.0, -0.0, 0.0),
        (-0.0, -1.6292088389491255e-07, -0.9999999403953552, -1.6526428003871274e-09),
        (0.0, 0.9999999403953552, -1.1920928955078125e-07, 1.040480136871338),
        (0.0, 0.0, 0.0, 1.0))), 'head': Vector((0.0, -1.6526428003871274e-09, 1.040480136871338)), 'tail': Vector((0.0, -1.7915446903771226e-08, 1.1403003931045532)), 'connect': False, 'children': [{'name': 'Spine', 'matrix': Matrix(((1.0, -1.471323785642669e-22, 3.38479640937928e-21, 0.0),
        (3.38479640937928e-21, -1.400481153268629e-07, -1.0, -1.7915446903771226e-08),
        (1.4713284556992278e-22, 1.0, -1.1920928955078125e-07, 1.1403003931045532),
        (0.0, 0.0, 0.0, 1.0))), 'matrix_local': Matrix(((1.0, -1.471323785642669e-22, 3.38479640937928e-21, 0.0),
        (3.3847962074308883e-21, -1.400481153268629e-07, -0.9999999403953552, -1.7915446903771226e-08),
        (1.4713269410862898e-22, 0.9999999403953552, -9.63365209827316e-08, 1.1403003931045532),
        (0.0, 0.0, 0.0, 1.0))), 'head': Vector((0.0, -1.7915446903771226e-08, 1.1403003931045532)), 'tail': Vector((-1.748847197801083e-23, -3.456186803418859e-08, 1.2591625452041626)), 'connect': True, 'children': [{'name': 'Chest', 'matrix': Matrix(((1.0, -4.802123013511779e-18, -2.3702033272094455e-20, -1.748847197801083e-23),
        (-2.3702860452707008e-20, -1.7605616164928506e-07, -1.0, -3.456186803418859e-08),
        (4.802123013511779e-18, 1.0, -2.384185791015625e-07, 1.2591625452041626),
        (0.0, 0.0, 0.0, 1.0))), 'matrix_local': Matrix(((1.0, -4.802123013511779e-18, -2.3702543797628765e-20, -1.748847040028902e-23),
        (-2.370338874969979e-20, -1.7605614743843034e-07, -0.9999999403953552, -3.456186803418859e-08),
        (4.8021225999214724e-18, 0.9999999403953552, -1.3234455309429904e-07, 1.2591625452041626),
        (0.0, 0.0, 0.0, 1.0))), 'head': Vector((-1.748847197801083e-23, -3.456186803418859e-08, 1.2591625452041626)), 'tail': Vector((-9.939230600460076e-19, -7.100058496689599e-08, 1.4661346673965454)), 'connect': True, 'children': [{'name': 'Neck', 'matrix': Matrix(((1.0, -1.0039525008961212e-17, 9.638400314515872e-18, -9.939230600460076e-19),
        (9.638398660154647e-18, -1.6292086968405783e-07, -1.0, -7.100058496689599e-08),
        (1.0039526663322437e-17, 1.0, -2.384185791015625e-07, 1.4661346673965454),
        (0.0, 0.0, 0.0, 1.0))), 'matrix_local': Matrix(((1.0, -1.0039525008961212e-17, 9.638398660154647e-18, -9.939230600460076e-19),
        (9.638396178612809e-18, -1.6292085547320312e-07, -0.9999999403953552, -7.100058496689599e-08),
        (1.0039525836141824e-17, 0.9999999403953552, -1.1920926112907182e-07, 1.4661346673965454),
        (0.0, 0.0, 0.0, 1.0))), 'head': Vector((-9.939230600460076e-19, -7.100058496689599e-08, 1.4661346673965454)), 'tail': Vector((-2.238554430794334e-18, -9.119839461391166e-08, 1.590107798576355)), 'connect': True, 'children': [{'name': 'Head', 'matrix': Matrix(((1.0, -9.774951496831279e-19, 3.849399234837623e-19, -2.238554430794334e-18),
        (3.8493982008618575e-19, -8.399648976364915e-08, -1.0, -9.119839461391166e-08),
        (9.774952530807044e-19, 1.0, -1.1920928955078125e-07, 1.590107798576355),
        (0.0, 0.0, 0.0, 1.0))), 'matrix_local': Matrix(((1.0, -9.774949428879747e-19, 3.849392513995146e-19, -2.238554430794334e-18),
        (3.8494007858012717e-19, -8.39964826582218e-08, -0.9999999403953552, -9.119839461391166e-08),
        (9.774955632734342e-19, 0.9999999403953552, -4.0284888314090495e-08, 1.590107798576355),
        (0.0, 0.0, 0.0, 1.0))), 'head': Vector((-2.238554430794334e-18, -9.119839461391166e-08, 1.590107798576355)), 'tail': Vector((-2.4928862061699415e-18, -1.1305321123700196e-07, 1.850295066833496)), 'connect': True, 'children': [{'name': 'RightEye', 'matrix': Matrix(((1.0, 0.0, 4.5755337255831604e-20, -0.030779745429754257),
        (4.5755337255831604e-20, -2.2216633510652173e-07, -1.0, -0.08732432126998901),
        (1.016529552104498e-26, 1.0, -2.384185791015625e-07, 1.6532294750213623),
        (0.0, 0.0, 0.0, 1.0))), 'matrix_local': Matrix(((1.0, -9.774948394903982e-19, 4.575531463761173e-20, -0.030779745429754257),
        (4.575601257125357e-20, -2.50621212671831e-07, -0.9999999403953552, -0.08732431381940842),
        (9.774954598758576e-19, 0.9999999403953552, -2.0690961832769972e-07, 1.6532294750213623),
        (0.0, 0.0, 0.0, 1.0))), 'head': Vector((-0.030779745429754257, -0.08732432126998901, 1.6532294750213623)), 'tail': Vector((-0.030779745429754257, -0.0873243510723114, 1.787373661994934)), 'connect': False, 'children': []}, {'name': 'LeftEye', 'matrix': Matrix(((1.0, 0.0, 4.5755337255831604e-20, 0.030583487823605537),
        (4.5755337255831604e-20, -1.6662474422446394e-07, -1.0, -0.08732432126998901),
        (7.623971640783735e-27, 1.0, -2.384185791015625e-07, 1.6532294750213623),
        (0.0, 0.0, 0.0, 1.0))), 'matrix_local': Matrix(((1.0, -9.774949428879747e-19, 4.575531463761173e-20, 0.030583487823605537),
        (4.5756064270041856e-20, -1.9507965021148266e-07, -0.9999999403953552, -0.08732431381940842),
        (9.774955632734342e-19, 0.9999999403953552, -1.5136805586735136e-07, 1.6532294750213623),
        (0.0, 0.0, 0.0, 1.0))), 'head': Vector((0.030583487823605537, -0.08732432126998901, 1.6532294750213623)), 'tail': Vector((0.030583487823605537, -0.0873243436217308, 1.787373661994934)), 'connect': False, 'children': []}, {'name': 'RightRealEye', 'matrix': Matrix(((1.0, 0.0, 4.5755337255831604e-20, -0.030779745429754257),
        (4.5755337255831604e-20, -2.2216633510652173e-07, -1.0, -0.08732432126998901),
        (1.016529552104498e-26, 1.0, -2.384185791015625e-07, 1.6532294750213623),
        (0.0, 0.0, 0.0, 1.0))), 'matrix_local': Matrix(((1.0, -9.774948394903982e-19, 4.575531463761173e-20, -0.030779745429754257),
        (4.575601257125357e-20, -2.50621212671831e-07, -0.9999999403953552, -0.08732431381940842),
        (9.774954598758576e-19, 0.9999999403953552, -2.0690961832769972e-07, 1.6532294750213623),
        (0.0, 0.0, 0.0, 1.0))), 'head': Vector((-0.030779745429754257, -0.08732432126998901, 1.6532294750213623)), 'tail': Vector((-0.030779745429754257, -0.0873243510723114, 1.787373661994934)), 'connect': False, 'children': []}, {'name': 'LeftRealEye', 'matrix': Matrix(((1.0, 0.0, -4.5755337255831604e-20, 0.030779745429754257),
        (-4.5755337255831604e-20, -2.2216633510652173e-07, -1.0, -0.08732432126998901),
        (-1.016529552104498e-26, 1.0, -2.384185791015625e-07, 1.6532294750213623),
        (0.0, 0.0, 0.0, 1.0))), 'matrix_local': Matrix(((1.0, -9.774948394903982e-19, -4.5755366336400014e-20, 0.030779745429754257),
        (-4.575466840275817e-20, -2.50621212671831e-07, -0.9999999403953552, -0.08732431381940842),
        (9.774954598758576e-19, 0.9999999403953552, -2.0690961832769972e-07, 1.6532294750213623),
        (0.0, 0.0, 0.0, 1.0))), 'head': Vector((0.030779745429754257, -0.08732432126998901, 1.6532294750213623)), 'tail': Vector((0.030779745429754257, -0.0873243510723114, 1.787373661994934)), 'connect': False, 'children': []}]}]}, {'name': 'LeftShoulder', 'matrix': Matrix(((3.178613638965544e-08, 0.9999997019767761, -6.600263684122115e-15, 0.043336015194654465),
        (0.9999999403953552, 4.371155526428083e-08, 1.5099578831723193e-07, -6.692039278277662e-08),
        (1.509957741063772e-07, 4.235164736271502e-22, -1.0, 1.441091537475586),
        (0.0, 0.0, 0.0, 1.0))), 'matrix_local': Matrix(((7.549770231207731e-08, 0.9999997615814209, -3.5479116372642795e-15, 0.043336015194654465),
        (0.9999998211860657, 4.371155526428083e-08, 1.7605596269731905e-07, -6.692039278277662e-08),
        (1.3234435414233303e-07, 5.789789102387784e-15, -0.9999998807907104, 1.441091537475586),
        (0.0, 0.0, 0.0, 1.0))), 'head': Vector((0.043336015194654465, -6.692039278277662e-08, 1.441091537475586)), 'tail': Vector((0.1387377828359604, -6.27502316774553e-08, 1.441091537475586)), 'connect': False, 'children': [{'name': 'LeftArm', 'matrix': Matrix(((0.003941589966416359, 0.9999920129776001, 5.951414361327068e-10, 0.1387377828359604),
        (0.9999921917915344, -0.003941443283110857, 1.5099462302714528e-07, -6.27502316774553e-08),
        (1.5099578831723193e-07, 5.551115123125783e-17, -1.0, 1.441091537475586),
        (0.0, 0.0, 0.0, 1.0))), 'matrix_local': Matrix(((0.0039415620267391205, 0.9999918937683105, 4.228492556102026e-10, 0.138737753033638),
        (0.9999920725822449, -0.00394144281744957, 1.509952909373169e-07, -6.27502316774553e-08),
        (1.0728451371733172e-07, 0.0, -0.9999998807907104, 1.441091537475586),
        (0.0, 0.0, 0.0, 1.0))), 'head': Vector((0.1387377828359604, -6.27502316774553e-08, 1.441091537475586)), 'tail': Vector((0.3968232572078705, -0.0010173001792281866, 1.441091537475586)), 'connect': True, 'children': [{'name': 'LeftForeArm', 'matrix': Matrix(((-8.708887122566011e-08, 1.0, -6.5750271844916205e-15, 0.3968232572078705),
        (1.0, 4.354443561283006e-08, 1.5099580252808664e-07, -0.0010173001792281866),
        (1.5099580252808664e-07, 0.0, -1.0, 1.441091537475586),
        (0.0, 0.0, 0.0, 1.0))), 'matrix_local': Matrix(((7.636845111846924e-08, 0.9999997019767761, -1.124100812432971e-14, 0.3968232274055481),
        (0.9999998807907104, 4.377216100692749e-08, 1.5099578831723193e-07, -0.0010173001792281866),
        (1.0728417265681855e-07, -2.7755575615628914e-17, -0.9999998807907104, 1.441091537475586),
        (0.0, 0.0, 0.0, 1.0))), 'head': Vector((0.3968232572078705, -0.0010173001792281866, 1.441091537475586)), 'tail': Vector((0.658824622631073, -0.0010172887705266476, 1.441091537475586)), 'connect': True, 'children': [{'name': 'LeftHand', 'matrix': Matrix(((0.09745336323976517, 0.9952397346496582, 1.4715022089717422e-08, 0.658824622631073),
        (0.9952399730682373, -0.09745315462350845, 1.5027707434001059e-07, -0.0010172887705266476),
        (1.509957741063772e-07, 0.0, -1.0, 1.441091537475586),
        (0.0, 0.0, 0.0, 1.0))), 'matrix_local': Matrix(((0.09745325148105621, 0.9952398538589478, 1.0475451617253384e-08, 0.6588245630264282),
        (0.9952399730682373, -0.09745314717292786, 1.5069221603880578e-07, -0.0010172886541113257),
        (1.0749224799155854e-07, 8.881784197001252e-16, -0.9999998807907104, 1.441091537475586),
        (0.0, 0.0, 0.0, 1.0))), 'head': Vector((0.658824622631073, -0.0010172887705266476, 1.441091537475586)), 'tail': Vector((0.7342926859855652, -0.008407066576182842, 1.441091537475586)), 'connect': True, 'children': [{'name': 'LeftHandMiddle1', 'matrix': Matrix(((0.04033443704247475, 0.9991864562034607, 6.090350446186221e-09, 0.7473061084747314),
        (0.9991862773895264, -0.04033457860350609, 1.50872935478219e-07, -0.009681333787739277),
        (1.5099581673894136e-07, 0.0, -1.0, 1.441091537475586),
        (0.0, 0.0, 0.0, 1.0))), 'matrix_local': Matrix(((0.04033466428518295, 0.9991859793663025, 4.32868585420465e-09, 0.7473060488700867),
        (0.999186098575592, -0.040334552526474, 1.5094403238435916e-07, -0.009681332856416702),
        (1.073197424261707e-07, -4.440892098500626e-16, -0.9999998807907104, 1.441091537475586),
        (0.0, 0.0, 0.0, 1.0))), 'head': Vector((0.7473061084747314, -0.009681333787739277, 1.441091537475586)), 'tail': Vector((0.7813251614570618, -0.01105459500104189, 1.441091537475586)), 'connect': False, 'children': [{'name': 'LeftHandMiddle2', 'matrix': Matrix(((0.027804430574178696, 0.9996135830879211, 4.198375425090717e-09, 0.7813251614570618),
        (0.9996134042739868, -0.027804585173726082, 1.509374243369166e-07, -0.01105459500104189),
        (1.5099580252808664e-07, 0.0, -1.0, 1.441091537475586),
        (0.0, 0.0, 0.0, 1.0))), 'matrix_local': Matrix(((0.02780468761920929, 0.9996131062507629, 2.98345215199447e-09, 0.781325101852417),
        (0.9996132254600525, -0.027804573997855186, 1.509711893277199e-07, -0.011054594069719315),
        (1.0730105515222021e-07, -4.440892098500626e-16, -0.9999998807907104, 1.441091537475586),
        (0.0, 0.0, 0.0, 1.0))), 'head': Vector((0.7813251614570618, -0.01105459500104189, 1.441091537475586)), 'tail': Vector((0.8080945611000061, -0.011799194850027561, 1.441091537475586)), 'connect': True, 'children': [{'name': 'LeftHandMiddle3', 'matrix': Matrix(((0.042452313005924225, 0.9990988373756409, 6.4101413066453006e-09, 0.8080945611000061),
        (0.9990985989570618, -0.04245245084166527, 1.5085969096162444e-07, -0.011799194850027561),
        (1.5099581673894136e-07, 4.440892098500626e-16, -1.0, 1.441091537475586),
        (0.0, 0.0, 0.0, 1.0))), 'matrix_local': Matrix(((0.04245254397392273, 0.9990983009338379, 4.556139465705655e-09, 0.8080945014953613),
        (0.9990983605384827, -0.042452435940504074, 1.509384475184561e-07, -0.011799193918704987),
        (1.0732357935694381e-07, -1.1102230246251565e-16, -0.9999998807907104, 1.441091537475586),
        (0.0, 0.0, 0.0, 1.0))), 'head': Vector((0.8080945611000061, -0.011799194850027561, 1.441091537475586)), 'tail': Vector((0.8343757390975952, -0.012915901839733124, 1.441091537475586)), 'connect': True, 'children': []}]}]}, {'name': 'LeftHandThumb1', 'matrix': Matrix(((0.6914936304092407, 0.7223829030990601, 4.3414249262241356e-07, 0.6775355935096741),
        (0.7223831415176392, -0.6914938688278198, 4.535356481483177e-07, -0.030557725578546524),
        (6.278332875808701e-07, 0.0, -1.0, 1.441091537475586),
        (0.0, 0.0, 0.0, 1.0))), 'matrix_local': Matrix(((0.6914933919906616, 0.7223824262619019, 4.1230728697883023e-07, 0.6775355339050293),
        (0.7223825454711914, -0.6914933919906616, 4.7443680273318023e-07, -0.030557727441191673),
        (5.962561999695026e-07, 1.4210854715202004e-14, -0.9999998807907104, 1.441091537475586),
        (0.0, 0.0, 0.0, 1.0))), 'head': Vector((0.6775355935096741, -0.030557725578546524, 1.441091537475586)), 'tail': Vector((0.7022569179534912, -0.05422196909785271, 1.441091537475586)), 'connect': False, 'children': [{'name': 'LeftHandThumb2', 'matrix': Matrix(((0.5845571756362915, 0.8112227916717529, -0.014515104703605175, 0.7022569179534912),
        (0.8104099631309509, -0.5846467018127441, -0.037741776555776596, -0.05422196909785271),
        (-0.039103202521800995, 0.010299044661223888, -0.9991821050643921, 1.441091537475586),
        (0.0, 0.0, 0.0, 1.0))), 'matrix_local': Matrix(((0.5845569372177124, 0.8112225532531738, -0.01451511587947607, 0.7022568583488464),
        (0.8104096055030823, -0.584646463394165, -0.03774175047874451, -0.054221972823143005),
        (-0.03910321742296219, 0.010299041867256165, -0.9991819858551025, 1.441091537475586),
        (0.0, 0.0, 0.0, 1.0))), 'head': Vector((0.7022569179534912, -0.05422196909785271, 1.441091537475586)), 'tail': Vector((0.7243415713310242, -0.07013833522796631, 1.4413719177246094)), 'connect': True, 'children': [{'name': 'LeftHandThumb3', 'matrix': Matrix(((0.5868803858757019, 0.8089479207992554, 0.03427128866314888, 0.7243415713310242),
        (0.8061118125915527, -0.5877408981323242, 0.06887669861316681, -0.07013833522796631),
        (0.07586029171943665, -0.012795879505574703, -0.997036337852478, 1.4413719177246094),
        (0.0, 0.0, 0.0, 1.0))), 'matrix_local': Matrix(((0.5868802666664124, 0.8089478015899658, 0.03427126258611679, 0.7243415117263794),
        (0.8061119318008423, -0.5877408385276794, 0.068876713514328, -0.0701383426785469),
        (0.07586026191711426, -0.012795880436897278, -0.9970362186431885, 1.4413719177246094),
        (0.0, 0.0, 0.0, 1.0))), 'head': Vector((0.7243415713310242, -0.07013833522796631, 1.4413719177246094)), 'tail': Vector((0.7420670390129089, -0.0830167680978775, 1.441091537475586)), 'connect': True, 'children': []}]}]}, {'name': 'LeftHandIndex1', 'matrix': Matrix(((0.13698457181453705, 0.9905723929405212, 0.0012609433615580201, 0.7413321733474731),
        (0.9905731678009033, -0.13698464632034302, 4.4621992856264114e-07, -0.031078020110726357),
        (0.00017317209858447313, 0.0012489958899095654, -0.9999992847442627, 1.441049575805664),
        (0.0, 0.0, 0.0, 1.0))), 'matrix_local': Matrix(((0.13698449730873108, 0.9905720949172974, 0.001260936725884676, 0.7413321137428284),
        (0.9905730485916138, -0.13698449730873108, 4.4710006363857246e-07, -0.031078023836016655),
        (0.00017312844283878803, 0.0012489950750023127, -0.9999991059303284, 1.441049575805664),
        (0.0, 0.0, 0.0, 1.0))), 'head': Vector((0.7413321733474731, -0.031078020110726357, 1.441049575805664)), 'tail': Vector((0.77461177110672, -0.03568020090460777, 1.441091537475586)), 'connect': False, 'children': [{'name': 'LeftHandIndex2', 'matrix': Matrix(((0.15305058658123016, 0.9882180094718933, 2.3109965496814766e-08, 0.77461177110672),
        (0.9882182478904724, -0.15305034816265106, 1.4921681668056408e-07, -0.03568020090460777),
        (1.509957741063772e-07, 0.0, -1.0, 1.441091537475586),
        (0.0, 0.0, 0.0, 1.0))), 'matrix_local': Matrix(((0.15305042266845703, 0.9882181286811829, 1.6763806343078613e-08, 0.7746117115020752),
        (0.9882182478904724, -0.15305033326148987, 1.5018244425846206e-07, -0.03568020090460777),
        (1.0778603609651327e-07, 2.3283064365386963e-10, -0.9999999403953552, 1.441091537475586),
        (0.0, 0.0, 0.0, 1.0))), 'head': Vector((0.77461177110672, -0.03568020090460777, 1.441091537475586)), 'tail': Vector((0.8000762462615967, -0.039624013006687164, 1.441091537475586)), 'connect': True, 'children': [{'name': 'LeftHandIndex3', 'matrix': Matrix(((0.10736717283725739, 0.9942193627357483, -1.6211982867275765e-08, 0.8000762462615967),
        (0.9942194223403931, -0.10736709833145142, -1.5012295762062422e-07, -0.039624013006687164),
        (-1.5099578831723193e-07, 0.0, -1.0, 1.441091537475586),
        (0.0, 0.0, 0.0, 1.0))), 'matrix_local': Matrix(((0.10736718028783798, 0.994219183921814, -2.0840431602664466e-08, 0.8000761866569519),
        (0.9942193031311035, -0.10736708343029022, -1.496231050168717e-07, -0.039624013006687164),
        (-1.9444905774435028e-07, -4.440892098500626e-16, -0.9999999403953552, 1.441091537475586),
        (0.0, 0.0, 0.0, 1.0))), 'head': Vector((0.8000762462615967, -0.039624013006687164, 1.441091537475586)), 'tail': Vector((0.8216496109962463, -0.04195374995470047, 1.441091537475586)), 'connect': True, 'children': []}]}]}, {'name': 'LeftHandRing1', 'matrix': Matrix(((-0.07601149380207062, 0.9971070289611816, -1.1477415462479712e-08, 0.7444504499435425),
        (0.9971069693565369, 0.07601148635149002, 1.5055896085414133e-07, 0.007913036271929741),
        (1.5099580252808664e-07, 8.881784197001252e-16, -1.0, 1.441091537475586),
        (0.0, 0.0, 0.0, 1.0))), 'matrix_local': Matrix(((-0.07601140439510345, 0.997106671333313, -8.164455778114643e-09, 0.7444503903388977),
        (0.9971068501472473, 0.0760115310549736, 1.508115019532852e-07, 0.007913037203252316),
        (1.0741063505292914e-07, -3.552713678800501e-15, -0.9999998807907104, 1.441091537475586),
        (0.0, 0.0, 0.0, 1.0))), 'head': Vector((0.7444504499435425, 0.007913036271929741, 1.441091537475586)), 'tail': Vector((0.7735791802406311, 0.010133578442037106, 1.441091537475586)), 'connect': False, 'children': [{'name': 'LeftHandRing2', 'matrix': Matrix(((-0.06414572149515152, 0.9979407787322998, -9.6857224463065e-09, 0.7735791802406311),
        (0.9979405999183655, 0.06414565443992615, 1.506848406052086e-07, 0.010133578442037106),
        (1.5099581673894136e-07, 0.0, -1.0, 1.441091537475586),
        (0.0, 0.0, 0.0, 1.0))), 'matrix_local': Matrix(((-0.06414549052715302, 0.9979402422904968, -6.88759094202851e-09, 0.7735791206359863),
        (0.9979404211044312, 0.06414561718702316, 1.5086467897162947e-07, 0.01013358123600483),
        (1.07374191316012e-07, -7.771561172376096e-16, -0.9999998807907104, 1.441091537475586),
        (0.0, 0.0, 0.0, 1.0))), 'head': Vector((0.7735791802406311, 0.010133578442037106, 1.441091537475586)), 'tail': Vector((0.800628662109375, 0.011872265487909317, 1.441091537475586)), 'connect': True, 'children': [{'name': 'LeftHandRing3', 'matrix': Matrix(((-0.07620995491743088, 0.9970917105674744, -1.1507383490538814e-08, 0.800628662109375),
        (0.9970917701721191, 0.07620995491743088, 1.5055667290653219e-07, 0.011872265487909317),
        (1.5099580252808664e-07, 8.881784197001252e-16, -1.0, 1.441091537475586),
        (0.0, 0.0, 0.0, 1.0))), 'matrix_local': Matrix(((-0.07620979845523834, 0.9970914721488953, -8.185812916394752e-09, 0.8006286025047302),
        (0.9970917105674744, 0.07620992511510849, 1.5081052140430984e-07, 0.01187226828187704),
        (1.0741128164681868e-07, -4.440892098500626e-16, -0.9999998807907104, 1.441091537475586),
        (0.0, 0.0, 0.0, 1.0))), 'head': Vector((0.800628662109375, 0.011872265487909317, 1.441091537475586)), 'tail': Vector((0.8247215151786804, 0.013713736087083817, 1.441091537475586)), 'connect': True, 'children': []}]}]}, {'name': 'LeftHandPinky1', 'matrix': Matrix(((-0.2260528951883316, 0.9741149544715881, 8.802825135489911e-08, 0.7355246543884277),
        (0.9741150140762329, 0.2260529100894928, -3.793343807956262e-07, 0.02615051157772541),
        (-3.89414338997085e-07, 0.0, -1.0, 1.441091537475586),
        (0.0, 0.0, 0.0, 1.0))), 'matrix_local': Matrix(((-0.22605273127555847, 0.9741148352622986, 9.765353325974502e-08, 0.735524594783783),
        (0.9741148948669434, 0.2260528802871704, -3.771006902297813e-07, 0.02615051157772541),
        (-4.3199440824537305e-07, 1.4210854715202004e-14, -0.9999998807907104, 1.441091537475586),
        (0.0, 0.0, 0.0, 1.0))), 'head': Vector((0.7355246543884277, 0.02615051157772541, 1.441091537475586)), 'tail': Vector((0.7680099606513977, 0.033689044415950775, 1.441091537475586)), 'connect': False, 'children': [{'name': 'LeftHandPinky2', 'matrix': Matrix(((-0.20788952708244324, 0.9781526327133179, -1.800845410571128e-07, 0.7680099606513977),
        (0.978152334690094, 0.20788946747779846, 8.473260209029831e-07, 0.033689044415950775),
        (8.662516393087571e-07, 0.0, -1.0, 1.441091537475586),
        (0.0, 0.0, 0.0, 1.0))), 'matrix_local': Matrix(((-0.20788924396038055, 0.9781520962715149, -1.7119575090873695e-07, 0.7680099010467529),
        (0.9781522154808044, 0.2078893780708313, 8.492148708683089e-07, 0.033689044415950775),
        (8.234948154495214e-07, -1.509903313490213e-14, -0.9999998807907104, 1.441091537475586),
        (0.0, 0.0, 0.0, 1.0))), 'head': Vector((0.7680099606513977, 0.033689044415950775, 1.441091537475586)), 'tail': Vector((0.7871306538581848, 0.03775281831622124, 1.441091537475586)), 'connect': True, 'children': [{'name': 'LeftHandPinky3', 'matrix': Matrix(((-0.2221234142780304, 0.975018322467804, -3.353971322894722e-08, 0.7871306538581848),
        (0.9750185608863831, 0.22212344408035278, 1.4722370167419285e-07, 0.03775281831622124),
        (1.5099578831723193e-07, 0.0, -1.0, 1.441091537475586),
        (0.0, 0.0, 0.0, 1.0))), 'matrix_local': Matrix(((-0.22212332487106323, 0.975018322467804, -2.4072889459603175e-08, 0.78713059425354),
        (0.9750184416770935, 0.22212347388267517, 1.4938029835320776e-07, 0.03775281831622124),
        (1.0837624131454504e-07, 1.1546319456101628e-14, -0.9999998807907104, 1.441091537475586),
        (0.0, 0.0, 0.0, 1.0))), 'head': Vector((0.7871306538581848, 0.03775281831622124, 1.441091537475586)), 'tail': Vector((0.8051662445068359, 0.04186158999800682, 1.441091537475586)), 'connect': True, 'children': []}]}]}]}]}]}]}, {'name': 'RightShoulder', 'matrix': Matrix(((-8.742268420292021e-08, -1.0, 6.600229379287751e-15, -0.04327716678380966),
        (-1.0, 4.3711342101460104e-08, 1.5099580252808664e-07, -6.692071963243507e-08),
        (-1.5099580252808664e-07, 0.0, -1.0, 1.441091537475586),
        (0.0, 0.0, 0.0, 1.0))), 'matrix_local': Matrix(((-4.371134565417378e-08, -0.9999999403953552, 4.802123013511779e-18, -0.04327716678380966),
        (-0.9999999403953552, 4.371133499603275e-08, 1.760561900709945e-07, -6.692071963243507e-08),
        (-1.323445957268632e-07, 5.780155373162187e-15, -0.9999999403953552, 1.441091537475586),
        (0.0, 0.0, 0.0, 1.0))), 'head': Vector((-0.04327716678380966, -6.692071963243507e-08, 1.441091537475586)), 'tail': Vector((-0.13859783113002777, -6.275412545164727e-08, 1.441091537475586)), 'connect': False, 'children': [{'name': 'RightArm', 'matrix': Matrix(((-8.742272683548435e-08, -1.0, 6.600232343903067e-15, -0.13859783113002777),
        (-1.0, 4.371136341774218e-08, 1.5099580252808664e-07, -6.275412545164727e-08),
        (-1.5099580252808664e-07, 0.0, -1.0, 1.441091537475586),
        (0.0, 0.0, 0.0, 1.0))), 'matrix_local': Matrix(((-4.371137762859689e-08, -0.9999999403953552, 4.689536079068284e-15, -0.13859781622886658),
        (-0.9999999403953552, 4.3711366970455856e-08, 1.5099578831723193e-07, -6.275412545164727e-08),
        (-1.0728419397310063e-07, 8.470329472543003e-22, -0.9999999403953552, 1.441091537475586),
        (0.0, 0.0, 0.0, 1.0))), 'head': Vector((-0.13859783113002777, -6.275412545164727e-08, 1.441091537475586)), 'tail': Vector((-0.39611488580703735, -5.149770387902208e-08, 1.441091537475586)), 'connect': True, 'children': [{'name': 'RightForeArm', 'matrix': Matrix(((-8.742274104633907e-08, -1.0, 6.600233614452488e-15, -0.39611488580703735),
        (-1.0, 4.3711370523169535e-08, 1.5099580252808664e-07, -5.149770387902208e-08),
        (-1.5099580252808664e-07, 0.0, -1.0, 1.441091537475586),
        (0.0, 0.0, 0.0, 1.0))), 'matrix_local': Matrix(((-4.371138118131057e-08, -0.9999999403953552, 4.689537349617705e-15, -0.39611485600471497),
        (-0.9999999403953552, 4.3711370523169535e-08, 1.5099578831723193e-07, -5.1497700326308404e-08),
        (-1.0728419397310063e-07, -1.1486824521976615e-24, -0.9999999403953552, 1.441091537475586),
        (0.0, 0.0, 0.0, 1.0))), 'head': Vector((-0.39611488580703735, -5.149770387902208e-08, 1.441091537475586)), 'tail': Vector((-0.6582636833190918, -4.0038820259269414e-08, 1.441091537475586)), 'connect': True, 'children': [{'name': 'RightHand', 'matrix': Matrix(((0.09169548004865646, -0.9957870841026306, -1.3845629531772374e-08, -0.6582636833190918),
        (-0.9957870841026306, -0.09169545024633408, 1.5035966782761534e-07, -4.0038820259269414e-08),
        (-1.5099580252808664e-07, -8.881784197001252e-16, -1.0, 1.441091537475586),
        (0.0, 0.0, 0.0, 1.0))), 'matrix_local': Matrix(((0.09169545769691467, -0.9957870244979858, -9.854360882854962e-09, -0.6582636833190918),
        (-0.9957870244979858, -0.09169545769691467, 1.507271889522599e-07, -4.0038816706555735e-08),
        (-1.0746835243935493e-07, -8.881784197001252e-16, -0.9999999403953552, 1.441091537475586),
        (0.0, 0.0, 0.0, 1.0))), 'head': Vector((-0.6582636833190918, -4.0038820259269414e-08, 1.441091537475586)), 'tail': Vector((-0.7337179183959961, -0.006948122754693031, 1.441091537475586)), 'connect': True, 'children': [{'name': 'RightHandMiddle1', 'matrix': Matrix(((0.03482592850923538, -0.999393105506897, -5.258541602159994e-09, -0.7468205690383911),
        (-0.9993933439254761, -0.03482573851943016, 1.5090419935859245e-07, -0.008154666982591152),
        (-1.5099578831723193e-07, 0.0, -1.0, 1.441091537475586),
        (0.0, 0.0, 0.0, 1.0))), 'matrix_local': Matrix(((0.03482573851943016, -0.9993933439254761, -3.737175902074341e-09, -0.7468205690383911),
        (-0.9993933439254761, -0.03482573851943016, 1.5095720584668015e-07, -0.008154667913913727),
        (-1.073107114279992e-07, -8.881784197001252e-16, -0.9999999403953552, 1.441091537475586),
        (0.0, 0.0, 0.0, 1.0))), 'head': Vector((-0.7468205690383911, -0.008154666982591152, 1.441091537475586)), 'tail': Vector((-0.7808621525764465, -0.009340910241007805, 1.441091537475586)), 'connect': False, 'children': [{'name': 'RightHandMiddle2', 'matrix': Matrix(((0.022364389151334763, -0.9997499585151672, -3.3769369522929082e-09, -0.7808621525764465),
        (-0.9997498989105225, -0.02236444503068924, 1.5095804428710835e-07, -0.009340910241007805),
        (-1.5099580252808664e-07, 2.220446049250313e-16, -1.0, 1.441091537475586),
        (0.0, 0.0, 0.0, 1.0))), 'matrix_local': Matrix(((0.02236444130539894, -0.9997498989105225, -2.399598075797371e-09, -0.7808621525764465),
        (-0.9997498393058777, -0.02236444503068924, 1.5097988637080562e-07, -0.00934091117233038),
        (-1.0729513633123133e-07, 0.0, -0.9999999403953552, 1.441091537475586),
        (0.0, 0.0, 0.0, 1.0))), 'head': Vector((-0.7808621525764465, -0.009340910241007805, 1.441091537475586)), 'tail': Vector((-0.807635486125946, -0.009939830750226974, 1.441091537475586)), 'connect': True, 'children': [{'name': 'RightHandMiddle3', 'matrix': Matrix(((0.03721116483211517, -0.9993072152137756, -5.61871216220311e-09, -0.807635486125946),
        (-0.9993073344230652, -0.03721104934811592, 1.5089122484823747e-07, -0.009939830750226974),
        (-1.5099580252808664e-07, 0.0, -1.0, 1.441091537475586),
        (0.0, 0.0, 0.0, 1.0))), 'matrix_local': Matrix(((0.03721104562282562, -0.9993074536323547, -3.993286590286971e-09, -0.807635486125946),
        (-0.9993073344230652, -0.03721105307340622, 1.509517346676148e-07, -0.009939831681549549),
        (-1.0731447730449872e-07, 1.1102230246251565e-16, -0.9999999403953552, 1.441091537475586),
        (0.0, 0.0, 0.0, 1.0))), 'head': Vector((-0.807635486125946, -0.009939830750226974, 1.441091537475586)), 'tail': Vector((-0.833952009677887, -0.010919774882495403, 1.441091537475586)), 'connect': True, 'children': []}]}]}, {'name': 'RightHandPinky1', 'matrix': Matrix(((-0.22933733463287354, -0.9733468294143677, 3.462898945372217e-08, -0.734862208366394),
        (-0.973347008228302, 0.22933736443519592, 1.4697130268359615e-07, 0.02740482985973358),
        (-1.5099578831723193e-07, 3.552713678800501e-15, -1.0, 1.441091537475586),
        (0.0, 0.0, 0.0, 1.0))), 'matrix_local': Matrix(((-0.2293373942375183, -0.9733468890190125, 2.487147199303763e-08, -0.734862208366394),
        (-0.9733468890190125, 0.2293373942375183, 1.4927033475942153e-07, 0.027404827997088432),
        (-1.0844923536978968e-07, -7.105427357601002e-15, -0.9999999403953552, 1.441091537475586),
        (0.0, 0.0, 0.0, 1.0))), 'head': Vector((-0.734862208366394, 0.02740482985973358, 1.441091537475586)), 'tail': Vector((-0.7673071622848511, 0.035049423575401306, 1.441091537475586)), 'connect': False, 'children': [{'name': 'RightHandPinky2', 'matrix': Matrix(((-0.21163761615753174, -0.9773484468460083, -3.195638598185724e-08, -0.7673071622848511),
        (-0.977348268032074, 0.21163763105869293, -1.4757549138266768e-07, 0.035049423575401306),
        (1.5099583094979607e-07, 3.552713678800501e-15, -1.0, 1.441091537475586),
        (0.0, 0.0, 0.0, 1.0))), 'matrix_local': Matrix(((-0.21163754165172577, -0.9773480892181396, -4.09978433424385e-08, -0.7673071622848511),
        (-0.9773481488227844, 0.21163752675056458, -1.45617576663426e-07, 0.03504941985011101),
        (1.9371725556993624e-07, -1.7763568394002505e-15, -0.9999999403953552, 1.441091537475586),
        (0.0, 0.0, 0.0, 1.0))), 'head': Vector((-0.7673071622848511, 0.035049423575401306, 1.441091537475586)), 'tail': Vector((-0.7864083051681519, 0.03918563574552536, 1.441091537475586)), 'connect': True, 'children': [{'name': 'RightHandPinky3', 'matrix': Matrix(((-0.2263556569814682, -0.9740445613861084, 3.41787682600625e-08, -0.7864083051681519),
        (-0.974044680595398, 0.22635573148727417, 1.4707666196045466e-07, 0.03918563574552536),
        (-1.5099580252808664e-07, 0.0, -1.0, 1.441091537475586),
        (0.0, 0.0, 0.0, 1.0))), 'matrix_local': Matrix(((-0.22635573148727417, -0.9740446209907532, 2.4541204624028978e-08, -0.7864083051681519),
        (-0.9740446209907532, 0.22635573148727417, 1.493162926635705e-07, 0.03918563202023506),
        (-1.0841874598099821e-07, -3.552713678800501e-15, -0.9999999403953552, 1.441091537475586),
        (0.0, 0.0, 0.0, 1.0))), 'head': Vector((-0.7864083051681519, 0.03918563574552536, 1.441091537475586)), 'tail': Vector((-0.8044203519821167, 0.04337140917778015, 1.441091537475586)), 'connect': True, 'children': []}]}]}, {'name': 'RightHandRing1', 'matrix': Matrix(((-0.0800936222076416, -0.9967871904373169, 3.1189639315698514e-08, -0.743895947933197),
        (-0.9967873096466064, 0.08009371161460876, 3.881633006130869e-07, 0.009333410300314426),
        (-3.89414338997085e-07, 0.0, -1.0, 1.441091537475586),
        (0.0, 0.0, 0.0, 1.0))), 'matrix_local': Matrix(((-0.08009369671344757, -0.9967873096466064, 2.7699861959717964e-08, -0.743895947933197),
        (-0.9967872500419617, 0.08009368926286697, 3.8844370919832727e-07, 0.009333410300314426),
        (-3.458431763192493e-07, 0.0, -0.9999999403953552, 1.441091537475586),
        (0.0, 0.0, 0.0, 1.0))), 'head': Vector((-0.743895947933197, 0.009333410300314426, 1.441091537475586)), 'tail': Vector((-0.7730085849761963, 0.011672664433717728, 1.441091537475586)), 'connect': False, 'children': [{'name': 'RightHandRing2', 'matrix': Matrix(((-0.06886391341686249, -0.9976264238357544, 1.0398149896673203e-08, -0.7730085849761963),
        (-0.9976261258125305, 0.06886385381221771, 1.506373621396051e-07, 0.011672664433717728),
        (-1.5099583094979607e-07, 0.0, -1.0, 1.441091537475586),
        (0.0, 0.0, 0.0, 1.0))), 'matrix_local': Matrix(((-0.06886382400989532, -0.9976259469985962, 7.395149381750343e-09, -0.7730085849761963),
        (-0.9976259469985962, 0.06886382400989532, 1.5084468429904518e-07, 0.011672664433717728),
        (-1.073880184776499e-07, 8.881784197001252e-16, -0.9999999403953552, 1.441091537475586),
        (0.0, 0.0, 0.0, 1.0))), 'head': Vector((-0.7730085849761963, 0.011672664433717728, 1.441091537475586)), 'tail': Vector((-0.8000456094741821, 0.013538967818021774, 1.441091537475586)), 'connect': True, 'children': [{'name': 'RightHandRing3', 'matrix': Matrix(((-0.08101317286491394, -0.9967133402824402, -1.2232633572750728e-08, -0.8000456094741821),
        (-0.9967131018638611, 0.08101309090852737, -1.504994884271582e-07, 0.013538967818021774),
        (1.5099581673894136e-07, 0.0, -1.0, 1.441091537475586),
        (0.0, 0.0, 0.0, 1.0))), 'matrix_local': Matrix(((-0.08101305365562439, -0.996712863445282, -1.5762202210112264e-08, -0.8000456094741821),
        (-0.9967129230499268, 0.08101305365562439, -1.5021255705960357e-07, 0.013538967818021774),
        (1.9456372513104725e-07, 9.992007221626409e-16, -0.9999999403953552, 1.441091537475586),
        (0.0, 0.0, 0.0, 1.0))), 'head': Vector((-0.8000456094741821, 0.013538967818021774, 1.441091537475586)), 'tail': Vector((-0.824177086353302, 0.015500379726290703, 1.441091537475586)), 'connect': True, 'children': []}]}]}, {'name': 'RightHandIndex1', 'matrix': Matrix(((0.13126610219478607, -0.9913468956947327, -5.1116835209086275e-08, -0.7407982349395752),
        (-0.991347074508667, -0.13126590847969055, 3.8604480323556345e-07, -0.029414648190140724),
        (-3.8941428215366614e-07, -3.552713678800501e-15, -1.0, 1.441091537475586),
        (0.0, 0.0, 0.0, 1.0))), 'matrix_local': Matrix(((0.13126590847969055, -0.991347074508667, -4.5428635075950297e-08, -0.7407982349395752),
        (-0.9913471341133118, -0.13126589357852936, 3.86798035378888e-07, -0.029414648190140724),
        (-3.4608100918376294e-07, -2.220446049250313e-15, -0.9999999403953552, 1.441091537475586),
        (0.0, 0.0, 0.0, 1.0))), 'head': Vector((-0.7407982349395752, -0.029414648190140724, 1.441091537475586)), 'tail': Vector((-0.7740989327430725, -0.033824048936367035, 1.441091537475586)), 'connect': False, 'children': [{'name': 'RightHandIndex2', 'matrix': Matrix(((0.146850124001503, -0.9891587495803833, 2.2173743730036222e-08, -0.7740989327430725),
        (-0.9891587495803833, -0.14685003459453583, -1.493588257517331e-07, -0.033824048936367035),
        (1.5099580252808664e-07, 0.0, -1.0, 1.441091537475586),
        (0.0, 0.0, 0.0, 1.0))), 'matrix_local': Matrix(((0.14685006439685822, -0.9891586899757385, 2.8523217565634695e-08, -0.7740989327430725),
        (-0.9891587495803833, -0.14685004949569702, -1.4841623396932846e-07, -0.033824048936367035),
        (1.942335075000301e-07, -8.881784197001252e-16, -0.9999999403953552, 1.441091537475586),
        (0.0, 0.0, 0.0, 1.0))), 'head': Vector((-0.7740989327430725, -0.033824048936367035, 1.441091537475586)), 'tail': Vector((-0.7995903491973877, -0.037608493119478226, 1.441091537475586)), 'connect': True, 'children': [{'name': 'RightHandIndex3', 'matrix': Matrix(((0.10136741399765015, -0.9948492646217346, -6.364189886198801e-08, -0.7995903491973877),
        (-0.9948490858078003, -0.10136757791042328, 6.245990107345278e-07, -0.037608493119478226),
        (-6.278329465203569e-07, 0.0, -1.0, 1.441091537475586),
        (0.0, 0.0, 0.0, 1.0))), 'matrix_local': Matrix(((0.10136757045984268, -0.9948490262031555, -5.9233784099888e-08, -0.7995903491973877),
        (-0.9948490262031555, -0.10136756300926208, 6.250481874303659e-07, -0.037608493119478226),
        (-5.843465373800427e-07, -8.881784197001252e-16, -0.9999999403953552, 1.441091537475586),
        (0.0, 0.0, 0.0, 1.0))), 'head': Vector((-0.7995903491973877, -0.037608493119478226, 1.441091537475586)), 'tail': Vector((-0.8211920261383057, -0.039809539914131165, 1.441091537475586)), 'connect': True, 'children': []}]}]}, {'name': 'RightHandThumb1', 'matrix': Matrix(((0.6855335831642151, -0.7280409336090088, -9.207324183080345e-07, -0.6771581172943115),
        (-0.7280408143997192, -0.6855335235595703, 9.778236744750757e-07, -0.029252231121063232),
        (-1.3430885701382067e-06, 0.0, -1.0, 1.441091537475586),
        (0.0, 0.0, 0.0, 1.0))), 'matrix_local': Matrix(((0.6855335235595703, -0.7280409336090088, -8.989161983663507e-07, -0.6771581172943115),
        (-0.7280409336090088, -0.6855335235595703, 9.98366317617183e-07, -0.029252231121063232),
        (-1.3112650094626588e-06, 7.105427357601002e-15, -0.9999999403953552, 1.441091537475586),
        (0.0, 0.0, 0.0, 1.0))), 'head': Vector((-0.6771581172943115, -0.029252231121063232, 1.441091537475586)), 'tail': Vector((-0.701991617679596, -0.0526358038187027, 1.441091537475586)), 'connect': False, 'children': [{'name': 'RightHandThumb2', 'matrix': Matrix(((0.6165481805801392, -0.7872737646102905, -0.008245216682553291, -0.701991617679596),
        (-0.7873163223266602, -0.6165239810943604, -0.005489857867360115, -0.0526358038187027),
        (-0.0007613655179738998, 0.009876350872218609, -0.9999509453773499, 1.441091537475586),
        (0.0, 0.0, 0.0, 1.0))), 'matrix_local': Matrix(((0.6165481805801392, -0.7872738838195801, -0.008245189674198627, -0.701991617679596),
        (-0.7873167395591736, -0.6165241599082947, -0.0054898373782634735, -0.0526358038187027),
        (-0.0007613188936375082, 0.009876352734863758, -0.9999508857727051, 1.441091537475586),
        (0.0, 0.0, 0.0, 1.0))), 'head': Vector((-0.701991617679596, -0.0526358038187027, 1.441091537475586)), 'tail': Vector((-0.7243415713310242, -0.07013833522796631, 1.4413719177246094)), 'connect': True, 'children': [{'name': 'RightHandThumb3', 'matrix': Matrix(((0.5259231328964233, -0.8504640460014343, 0.010771658271551132, -0.7243415713310242),
        (-0.8505311608314514, -0.5258594155311584, 0.008303957059979439, -0.07013833522796631),
        (-0.001397840678691864, -0.013528872281312943, -0.9999076128005981, 1.4413719177246094),
        (0.0, 0.0, 0.0, 1.0))), 'matrix_local': Matrix(((0.5259231328964233, -0.8504638075828552, 0.010771676898002625, -0.7243415713310242),
        (-0.8505309224128723, -0.5258593559265137, 0.008303968235850334, -0.07013833522796631),
